time	V(audio_out)
0.000000000000000e+000	4.500020e+000
1.785714306582317e-009	4.500020e+000
3.571428613164635e-009	4.500020e+000
5.357142919746952e-009	4.500020e+000
7.142857226329270e-009	4.500020e+000
8.928571532911587e-009	4.500020e+000
1.071428583949391e-008	4.500020e+000
1.250000014607622e-008	4.500020e+000
2.500000029215244e-008	4.500020e+000
5.000000058430487e-008	4.500020e+000
7.559732606006459e-008	4.500021e+000
1.002672895623901e-007	4.500021e+000
1.241012518627076e-007	4.500024e+000
1.535110703336901e-007	4.500030e+000
1.983027566750463e-007	4.500049e+000
2.758132021371598e-007	4.500110e+000
3.732888484642491e-007	4.500249e+000
5.306035024810485e-007	4.500662e+000
8.452328105146474e-007	4.502176e+000
1.341552092896392e-006	4.506798e+000
2.334190657659882e-006	4.523607e+000
3.635352681335341e-006	4.560196e+000
5.316903121737269e-006	4.632334e+000
7.525327705098340e-006	4.765434e+000
1.069189136240946e-005	5.003973e+000
1.222715577172069e-005	5.134998e+000
1.330728267260299e-005	5.229856e+000
1.453998692291271e-005	5.331060e+000
1.518394872747068e-005	5.377041e+000
1.569286986514209e-005	5.406544e+000
1.635427385275970e-005	5.436276e+000
1.711947423976673e-005	5.461254e+000
1.792729873200785e-005	5.478911e+000
1.879554258606942e-005	5.491044e+000
1.970048280456591e-005	5.498953e+000
2.101778890378320e-005	5.506139e+000
2.230727607902637e-005	5.510328e+000
2.418841778590773e-005	5.512960e+000
2.619812896218879e-005	5.512210e+000
2.845022474455589e-005	5.506176e+000
3.210112502095374e-005	5.484493e+000
3.698393752095374e-005	5.431335e+000
4.186675002095374e-005	5.341746e+000
4.526776019027127e-005	5.235934e+000
4.894082441274928e-005	5.053924e+000
5.208533722467390e-005	4.825404e+000
5.558248620366694e-005	4.487362e+000
5.905532971944209e-005	4.090503e+000
6.054904572409751e-005	3.905484e+000
6.159981323602081e-005	3.776019e+000
6.254687713607831e-005	3.668413e+000
6.298334468137698e-005	3.625163e+000
6.331363055907455e-005	3.597786e+000
6.374639442429139e-005	3.568931e+000
6.442122390329562e-005	3.534910e+000
6.503976650746309e-005	3.513071e+000
6.566402743014720e-005	3.498500e+000
6.625593800058937e-005	3.489316e+000
6.712059688376974e-005	3.480274e+000
6.802411740788470e-005	3.473669e+000
6.920137047122561e-005	3.467566e+000
7.053325686730454e-005	3.462761e+000
7.272012027302377e-005	3.458029e+000
7.462698040095705e-005	3.456621e+000
7.636133407023923e-005	3.458138e+000
7.871564287889578e-005	3.464855e+000
8.252910033503147e-005	3.485738e+000
8.687360890221572e-005	3.526196e+000
9.175642140221573e-005	3.598322e+000
9.552666906507193e-005	3.685913e+000
9.891632895110536e-005	3.812263e+000
1.025423361318367e-004	4.016129e+000
1.054463610510392e-004	4.244499e+000
1.087281364488633e-004	4.572411e+000
1.122005919079354e-004	4.967773e+000
1.136508233590098e-004	5.141293e+000
1.146890376650791e-004	5.259841e+000
1.158397908690045e-004	5.375816e+000
1.162198053627176e-004	5.407147e+000
1.166571537859066e-004	5.435211e+000
1.171183085588511e-004	5.458428e+000
1.176209928411718e-004	5.477449e+000
1.180769764205545e-004	5.489809e+000
1.187233992524851e-004	5.501756e+000
1.194406496538717e-004	5.510360e+000
1.204785556404495e-004	5.517976e+000
1.214246501121300e-004	5.522163e+000
1.227542679715091e-004	5.525405e+000
1.242827244832819e-004	5.526841e+000
1.262332494355581e-004	5.525593e+000
1.285073477142995e-004	5.519466e+000
1.321932854154760e-004	5.498539e+000
1.370760979154760e-004	5.449312e+000
1.419589104154760e-004	5.368636e+000
1.454297470365573e-004	5.272429e+000
1.493362991120879e-004	5.096228e+000
1.528954877989954e-004	4.854805e+000
1.562642707248841e-004	4.543427e+000
1.597893080341172e-004	4.152184e+000
1.614022759273268e-004	3.956294e+000
1.624964495732644e-004	3.820593e+000
1.632988694496997e-004	3.727152e+000
1.642411121335860e-004	3.629480e+000
1.645862668103603e-004	3.599527e+000
1.650135722510607e-004	3.569844e+000
1.654564657500183e-004	3.545574e+000
1.660404897411474e-004	3.521711e+000
1.665480472270602e-004	3.506986e+000
1.671740425417487e-004	3.494809e+000
1.679193512504350e-004	3.485271e+000
1.689055145120208e-004	3.477113e+000
1.698510098645321e-004	3.471961e+000
1.711297432553049e-004	3.467403e+000
1.726912885775556e-004	3.464011e+000
1.743729710207760e-004	3.462677e+000
1.762668430375583e-004	3.464058e+000
1.785619837229079e-004	3.470311e+000
1.822814070847714e-004	3.491055e+000
1.871642195847714e-004	3.538599e+000
1.920470320847714e-004	3.615427e+000
1.955913514597587e-004	3.705307e+000
1.990184178551571e-004	3.845412e+000
2.026874388804958e-004	4.070285e+000
2.057112451690826e-004	4.325797e+000
2.090429959137863e-004	4.675971e+000
2.123818781365311e-004	5.066645e+000
2.138371691321975e-004	5.238078e+000
2.148211315203265e-004	5.344573e+000
2.152617922994756e-004	5.385341e+000
2.156159765947465e-004	5.412364e+000
2.160458962752606e-004	5.438458e+000
2.167287304949177e-004	5.469265e+000
2.173958620516962e-004	5.490026e+000
2.180009255804011e-004	5.502111e+000
2.186798143440573e-004	5.510731e+000
2.195676610824558e-004	5.517989e+000
2.205332102738232e-004	5.523058e+000
2.217647106402241e-004	5.527072e+000
2.232794498228901e-004	5.529787e+000
2.248852299136596e-004	5.530530e+000
2.264573414606889e-004	5.528904e+000
2.288717370480032e-004	5.521500e+000
2.327804978993163e-004	5.497937e+000
2.376633103993164e-004	5.446434e+000
2.425461228993164e-004	5.362893e+000
2.459179282387201e-004	5.266970e+000
2.497704276751038e-004	5.089474e+000
2.533866747237878e-004	4.838969e+000
2.570233000785103e-004	4.497611e+000
2.604493516059429e-004	4.113814e+000
2.620281766722882e-004	3.921925e+000
2.631211088407542e-004	3.788696e+000
2.639874575238248e-004	3.690441e+000
2.646078002808558e-004	3.628269e+000
2.649390079892548e-004	3.600446e+000
2.654279457237942e-004	3.567413e+000
2.659804029281642e-004	3.538441e+000
2.665095956619347e-004	3.518408e+000
2.671036382008240e-004	3.502953e+000
2.677352116753317e-004	3.492028e+000
2.685433734196351e-004	3.482974e+000
2.693929402577394e-004	3.476780e+000
2.704705861862322e-004	3.471651e+000
2.717317043121727e-004	3.467827e+000
2.735239552383316e-004	3.465123e+000
2.756205364367784e-004	3.465099e+000
2.775103322016791e-004	3.468554e+000
2.805810885095317e-004	3.482154e+000
2.854639010095317e-004	3.521548e+000
2.903467135095317e-004	3.587138e+000
2.943914944105153e-004	3.674884e+000
2.977497476553496e-004	3.793205e+000
3.013786794171821e-004	3.988609e+000
3.043026434311964e-004	4.211874e+000
3.076082072252973e-004	4.537500e+000
3.110328042123205e-004	4.927202e+000
3.125195825623759e-004	5.107657e+000
3.135958891279433e-004	5.235835e+000
3.145921208606924e-004	5.344105e+000
3.149986717916440e-004	5.382142e+000
3.153552226717827e-004	5.409754e+000
3.157838963434805e-004	5.436280e+000
3.164809059701636e-004	5.468407e+000
3.171304577866141e-004	5.489062e+000
3.177598750746488e-004	5.501921e+000
3.184061965145456e-004	5.510374e+000
3.193137282386193e-004	5.518037e+000
3.202484357115073e-004	5.523183e+000
3.215000264448042e-004	5.527542e+000
3.229638190749135e-004	5.530477e+000
3.246649888532673e-004	5.531552e+000
3.263754670209814e-004	5.530042e+000
3.287386230221128e-004	5.523139e+000
3.325661252087134e-004	5.500756e+000
3.374489377087134e-004	5.450773e+000
3.423317502087134e-004	5.369883e+000
3.457271234612717e-004	5.278366e+000
3.492291976348500e-004	5.126372e+000
3.528688442319914e-004	4.890518e+000
3.560647686608115e-004	4.607610e+000
3.594682037614880e-004	4.240339e+000
3.615975292611245e-004	3.986328e+000
3.629543745786456e-004	3.819927e+000
3.637811262516439e-004	3.724849e+000
3.647904042424373e-004	3.622357e+000
3.651339614440324e-004	3.593554e+000
3.655923311231880e-004	3.563388e+000
3.660568437733815e-004	3.539488e+000
3.666034543773408e-004	3.518709e+000
3.671104581246232e-004	3.505077e+000
3.677449521551250e-004	3.493654e+000
3.685530260101291e-004	3.484174e+000
3.695085537813727e-004	3.477025e+000
3.705162629131766e-004	3.472188e+000
3.718025282837143e-004	3.468323e+000
3.735035201926409e-004	3.465680e+000
3.753774725411806e-004	3.465420e+000
3.771146232988924e-004	3.468120e+000
3.799393745566031e-004	3.479208e+000
3.844932944387387e-004	3.512390e+000
3.893761069387387e-004	3.573954e+000
3.942589194387387e-004	3.674706e+000
3.975846688717526e-004	3.787826e+000
4.011052610672178e-004	3.973343e+000
4.040341344806573e-004	4.192961e+000
4.073578957826127e-004	4.516167e+000
4.107974004866074e-004	4.904963e+000
4.123326124506606e-004	5.091276e+000
4.134139986270449e-004	5.221663e+000
4.143315023969193e-004	5.323854e+000
4.148372591590146e-004	5.373197e+000
4.151780276674309e-004	5.401050e+000
4.156306173537562e-004	5.430621e+000
4.163239746611563e-004	5.464712e+000
4.169547261436435e-004	5.486370e+000
4.175162283453479e-004	5.499002e+000
4.181387120384729e-004	5.508129e+000
4.189950914480595e-004	5.516344e+000
4.199221403881585e-004	5.522135e+000
4.210760878721720e-004	5.526757e+000
4.224497088304490e-004	5.530064e+000
4.242589440943505e-004	5.531784e+000
4.262243950257513e-004	5.530586e+000
4.284929464889665e-004	5.524547e+000
4.321700535704929e-004	5.504116e+000
4.370528660704929e-004	5.456396e+000
4.419356785704929e-004	5.378881e+000
4.454545280368998e-004	5.288296e+000
4.489021370172157e-004	5.144966e+000
4.525613498535621e-004	4.916892e+000
4.556317347518768e-004	4.653502e+000
4.589949060844529e-004	4.296652e+000
4.618366431007710e-004	3.961004e+000
4.632716222629294e-004	3.787903e+000
4.641629298046038e-004	3.687366e+000
4.647940981254773e-004	3.624797e+000
4.651141941012716e-004	3.598293e+000
4.656017607412511e-004	3.566201e+000
4.662360576678584e-004	3.534631e+000
4.668824310267329e-004	3.512249e+000
4.674924867713280e-004	3.498293e+000
4.680894574025997e-004	3.489454e+000
4.689546894656623e-004	3.481170e+000
4.699020720068313e-004	3.475248e+000
4.710467960930650e-004	3.470659e+000
4.724101329965589e-004	3.467366e+000
4.742330277169192e-004	3.465607e+000
4.762147441157423e-004	3.466785e+000
4.784772495276552e-004	3.472772e+000
4.821447294332019e-004	3.493059e+000
4.870275419332019e-004	3.540545e+000
4.919103544332019e-004	3.617623e+000
4.954358296323036e-004	3.707706e+000
4.988686384704421e-004	3.849341e+000
5.025372749468639e-004	4.076385e+000
5.055968455981548e-004	4.337327e+000
5.089534348686002e-004	4.692371e+000
5.119616659585430e-004	5.046793e+000
5.134047134958144e-004	5.219749e+000
5.143197207254041e-004	5.321907e+000
5.148635012423810e-004	5.374955e+000
5.151906828825439e-004	5.401666e+000
5.156479209400455e-004	5.431465e+000
5.163236088803805e-004	5.464663e+000
5.169662252489365e-004	5.486673e+000
5.175407328018955e-004	5.499565e+000
5.181622484179945e-004	5.508611e+000
5.190177295873948e-004	5.516737e+000
5.199453173086281e-004	5.522480e+000
5.211040565622344e-004	5.527078e+000
5.224838135153634e-004	5.530365e+000
5.242645098836435e-004	5.532029e+000
5.262264674882833e-004	5.530813e+000
5.284963172601337e-004	5.524762e+000
5.321754914090336e-004	5.504312e+000
5.370583039090336e-004	5.456586e+000
5.419411164090336e-004	5.379122e+000
5.454474892771031e-004	5.288988e+000
5.488907884024737e-004	5.146119e+000
5.525494410463268e-004	4.918581e+000
5.556143940381946e-004	4.656149e+000
5.589742072607119e-004	4.300021e+000
5.618701914419461e-004	3.958219e+000
5.633072939962056e-004	3.785170e+000
5.642055433304551e-004	3.684121e+000
5.648086327900159e-004	3.624580e+000
5.651304771240684e-004	3.598023e+000
5.656113353741837e-004	3.566513e+000
5.662782805271116e-004	3.533552e+000
5.669106544882744e-004	3.511885e+000
5.675324467500372e-004	3.497912e+000
5.681241917370942e-004	3.489275e+000
5.689818941266834e-004	3.481180e+000
5.699327412704663e-004	3.475302e+000
5.710838886094182e-004	3.470737e+000
5.724577652522017e-004	3.467459e+000
5.742412217468851e-004	3.465773e+000
5.762177955982120e-004	3.466974e+000
5.784822127172160e-004	3.472977e+000
5.821527368478918e-004	3.493306e+000
5.870355493478918e-004	3.540849e+000
5.919183618478918e-004	3.618017e+000
5.954400107482318e-004	3.708118e+000
5.988738262050222e-004	3.849968e+000
6.025415208572065e-004	4.077199e+000
6.056029824039170e-004	4.338529e+000
6.089609246015343e-004	4.693882e+000
6.119443194954587e-004	5.045504e+000
6.133874214435455e-004	5.218621e+000
6.142986244341153e-004	5.320506e+000
6.148526467383214e-004	5.374686e+000
6.151787626830390e-004	5.401380e+000
6.156385943379562e-004	5.431412e+000
6.163134537795504e-004	5.464648e+000
6.169560516918586e-004	5.486720e+000
6.175255194989863e-004	5.499549e+000
6.181462500079920e-004	5.508626e+000
6.190021399006465e-004	5.516801e+000
6.199285432830056e-004	5.522568e+000
6.210845119621166e-004	5.527180e+000
6.224598277199256e-004	5.530478e+000
6.242606770468694e-004	5.532178e+000
6.262250403094353e-004	5.530973e+000
6.284939960165216e-004	5.524931e+000
6.321717467132220e-004	5.504500e+000
6.370545592132220e-004	5.456804e+000
6.419373717132220e-004	5.379392e+000
6.454442591790999e-004	5.289318e+000
6.488867025865267e-004	5.146603e+000
6.525458734140353e-004	4.919209e+000
6.556092569357740e-004	4.657079e+000
6.589679735506422e-004	4.301189e+000
6.618816161071827e-004	3.957390e+000
6.633191939168042e-004	3.784388e+000
6.642198634017119e-004	3.683159e+000
6.648145016084570e-004	3.624537e+000
6.651369672011123e-004	3.597965e+000
6.656157132163214e-004	3.566615e+000
6.662834853787929e-004	3.533636e+000
6.669156524639734e-004	3.511982e+000
6.675359652106278e-004	3.498048e+000
6.681294527348742e-004	3.489391e+000
6.689901301556167e-004	3.481276e+000
6.699399261287283e-004	3.475415e+000
6.710927990218623e-004	3.470853e+000
6.724661854283815e-004	3.467583e+000
6.742407186533971e-004	3.465912e+000
6.762176082482723e-004	3.467116e+000
6.784819079962137e-004	3.473118e+000
6.821522452290992e-004	3.493445e+000
6.870350577290992e-004	3.540991e+000
6.919178702290992e-004	3.618167e+000
6.954391234890439e-004	3.708272e+000
6.988730132004198e-004	3.850146e+000
7.025405805012187e-004	4.077402e+000
7.056023496743244e-004	4.338791e+000
7.089604750665548e-004	4.694192e+000
7.119400335006436e-004	5.045357e+000
7.133950562403740e-004	5.219830e+000
7.143078256179003e-004	5.321777e+000
7.148552509262160e-004	5.375206e+000
7.151816737079806e-004	5.401869e+000
7.156389579002561e-004	5.431681e+000
7.163139663162112e-004	5.464863e+000
7.169571126723927e-004	5.486905e+000
7.175315196737713e-004	5.499804e+000
7.181526768774206e-004	5.508851e+000
7.190089433956840e-004	5.516991e+000
7.199358473070175e-004	5.522737e+000
7.210948851705467e-004	5.527343e+000
7.224737629886791e-004	5.530636e+000
7.242605444615991e-004	5.532313e+000
7.262249909400651e-004	5.531102e+000
7.284939157193021e-004	5.525060e+000
7.321716171746486e-004	5.504631e+000
7.370544296746486e-004	5.456939e+000
7.419372421746486e-004	5.379555e+000
7.454392885636209e-004	5.289665e+000
7.488801174783906e-004	5.147137e+000
7.525391669758782e-004	4.919961e+000
7.556002706387489e-004	4.658229e+000
7.589575091525112e-004	4.302645e+000
7.618936400215182e-004	3.956318e+000
7.633414960663708e-004	3.782287e+000
7.642469551412529e-004	3.680744e+000
7.648237410096419e-004	3.624090e+000
7.651474023511194e-004	3.597513e+000
7.656208567161746e-004	3.566561e+000
7.662861639190430e-004	3.533760e+000
7.669269988398146e-004	3.511781e+000
7.675182924976457e-004	3.498487e+000
7.681444906199381e-004	3.489364e+000
7.689834646615250e-004	3.481430e+000
7.699408068986398e-004	3.475532e+000
7.710819796534501e-004	3.471004e+000
7.724587974244810e-004	3.467718e+000
7.742353783459557e-004	3.466034e+000
7.762156195103720e-004	3.467232e+000
7.784786733465004e-004	3.473223e+000
7.821470265880601e-004	3.493527e+000
7.870298390880601e-004	3.541047e+000
7.919126515880601e-004	3.618246e+000
7.954510047045784e-004	3.708859e+000
7.988841837786646e-004	3.850906e+000
8.025558654583889e-004	4.078840e+000
8.056271338656599e-004	4.341486e+000
8.089917685807724e-004	4.697926e+000
8.119158202090874e-004	5.042730e+000
8.133919838816773e-004	5.219837e+000
8.143012498716857e-004	5.321421e+000
8.148539673768946e-004	5.375378e+000
8.151797876630801e-004	5.401994e+000
8.156376723058871e-004	5.431837e+000
8.163118250956552e-004	5.464967e+000
8.169554625980610e-004	5.487027e+000
8.175257000404221e-004	5.499846e+000
8.181458552717041e-004	5.508886e+000
8.190110103970415e-004	5.517119e+000
8.199335044486520e-004	5.522840e+000
8.210968150925223e-004	5.527460e+000
8.224703831246999e-004	5.530742e+000
8.242533533205339e-004	5.532419e+000
8.262223132027409e-004	5.531212e+000
8.284895604802637e-004	5.525185e+000
8.321645910519414e-004	5.504790e+000
8.370474035519414e-004	5.457139e+000
8.419302160519414e-004	5.379865e+000
8.454213090330880e-004	5.290436e+000
8.488591401547930e-004	5.148375e+000
8.525178965883408e-004	4.921793e+000
8.555719471253618e-004	4.661218e+000
8.589242665023363e-004	4.306555e+000
8.619220083447746e-004	3.953344e+000
8.634063744409402e-004	3.775681e+000
8.643361753213554e-004	3.672321e+000
8.648659761855164e-004	3.621081e+000
8.651943064901976e-004	3.594610e+000
8.656565987282844e-004	3.564893e+000
8.663218981063861e-004	3.532701e+000
8.669649430168162e-004	3.511191e+000
8.676145070457827e-004	3.497076e+000
8.682289411498593e-004	3.488501e+000
8.691071017897634e-004	3.480630e+000
8.700447934879254e-004	3.475129e+000
8.712497126490229e-004	3.470602e+000
8.726355575769472e-004	3.467446e+000
8.741990478375170e-004	3.466067e+000
8.762020885241175e-004	3.467324e+000
8.784566651030551e-004	3.473240e+000
8.821115170861004e-004	3.493376e+000
8.869943295861004e-004	3.540707e+000
8.918771420861004e-004	3.617635e+000
8.954271038798088e-004	3.708218e+000
8.988570908963632e-004	3.849672e+000
9.025313147244651e-004	4.077137e+000
9.055982970958020e-004	4.338856e+000
9.089595648503566e-004	4.694563e+000
9.119419388568106e-004	5.045901e+000
9.134535530340928e-004	5.226588e+000
9.143779448276766e-004	5.329082e+000
9.148856997822000e-004	5.378000e+000
9.152154501306793e-004	5.404544e+000
9.156591182796004e-004	5.433095e+000
9.163357410906254e-004	5.465884e+000
9.169822873543772e-004	5.487548e+000
9.176364309480063e-004	5.501739e+000
9.182364518928109e-004	5.510083e+000
9.191454612334604e-004	5.518210e+000
9.200457239263251e-004	5.523491e+000
9.212872833117802e-004	5.528125e+000
9.226695890015229e-004	5.531256e+000
9.242117186490855e-004	5.532590e+000
9.262068079508185e-004	5.531317e+000
9.284643413457292e-004	5.525375e+000
9.321239028943001e-004	5.505174e+000
9.370067153943001e-004	5.457746e+000
9.418895278943001e-004	5.380821e+000
9.453863657739931e-004	5.291692e+000
9.488192739350646e-004	5.150528e+000
9.524802401421020e-004	4.924918e+000
9.555099879427608e-004	4.667470e+000
9.588604515218637e-004	4.313760e+000
9.619860608148238e-004	3.946160e+000
9.634930317278040e-004	3.766890e+000
9.644536102598828e-004	3.661394e+000
9.649238224135354e-004	3.616886e+000
9.652614124289723e-004	3.590372e+000
9.657079279790430e-004	3.562385e+000
9.663772313337731e-004	3.530941e+000
9.670260817654520e-004	3.509822e+000
9.676443657345263e-004	3.496772e+000
9.682976267344889e-004	3.487915e+000
9.691589510445656e-004	3.480373e+000
9.701278393490643e-004	3.474845e+000
9.713166341525760e-004	3.470499e+000
9.727605711061939e-004	3.467336e+000
9.742780799714113e-004	3.466095e+000
9.762315201742243e-004	3.467434e+000
9.785045351817371e-004	3.473513e+000
9.821887484197061e-004	3.494014e+000
9.870715609197060e-004	3.541764e+000
9.919543734197059e-004	3.619293e+000
9.954773271833445e-004	3.709910e+000
9.989139454030717e-004	3.852658e+000
1.002581761481574e-003	4.080950e+000
1.005635484249806e-003	4.342556e+000
1.009009611526009e-003	4.700276e+000
1.011894411089667e-003	5.040477e+000
1.013407123348104e-003	5.221876e+000
1.014317276080393e-003	5.323365e+000
1.014862134968329e-003	5.376368e+000
1.015187635346913e-003	5.402855e+000
1.015640697306290e-003	5.432284e+000
1.016314468714240e-003	5.465283e+000
1.016960085024049e-003	5.487317e+000
1.017541479729078e-003	5.500302e+000
1.018162540192543e-003	5.509280e+000
1.019027255353666e-003	5.517428e+000
1.019951479026910e-003	5.523108e+000
1.021120510118477e-003	5.527709e+000
1.022502382783894e-003	5.530983e+000
1.024255236529300e-003	5.532609e+000
1.026223014455105e-003	5.531387e+000
1.028490701042959e-003	5.525356e+000
1.032166431089187e-003	5.504953e+000
1.037049243589187e-003	5.457296e+000
1.041932056089187e-003	5.380035e+000
1.045417351298643e-003	5.290796e+000
1.048853742590154e-003	5.148893e+000
1.052512118000489e-003	4.922831e+000
1.055515825805705e-003	4.667120e+000
1.058883971099578e-003	4.311232e+000
1.061979947950655e-003	3.947020e+000
1.063487329194516e-003	3.767591e+000
1.064444725691789e-003	3.662344e+000
1.064919643247814e-003	3.617311e+000
1.065256224620974e-003	3.590816e+000
1.065703556112168e-003	3.562713e+000
1.066372453909611e-003	3.531199e+000
1.067020888744048e-003	3.510033e+000
1.067640290069582e-003	3.496916e+000
1.068291422020981e-003	3.488058e+000
1.069151180441029e-003	3.480505e+000
1.070119282014502e-003	3.474962e+000
1.071306195144131e-003	3.470605e+000
1.072746556705641e-003	3.467429e+000
1.074250053449398e-003	3.466179e+000
1.076221084410526e-003	3.467502e+000
1.078487561888673e-003	3.473523e+000
1.082161366754232e-003	3.493895e+000
1.087044179254232e-003	3.541498e+000
1.091926991754232e-003	3.618818e+000
1.095459243727615e-003	3.709424e+000
1.098893429005516e-003	3.851718e+000
1.102563329249305e-003	4.079625e+000
1.105607417779691e-003	4.339934e+000
1.108981250763624e-003	4.697296e+000
1.111918319410899e-003	5.043439e+000
1.113431633400677e-003	5.224601e+000
1.114349384860066e-003	5.326628e+000
1.114873316133834e-003	5.377332e+000
1.115201029477120e-003	5.403848e+000
1.115648721331028e-003	5.432790e+000
1.116324149703412e-003	5.465694e+000
1.116970000570243e-003	5.487599e+000
1.117561448696249e-003	5.500696e+000
1.118183903029560e-003	5.509604e+000
1.119050570216351e-003	5.517674e+000
1.119975837163388e-003	5.523299e+000
1.121152893030421e-003	5.527880e+000
1.122543132587859e-003	5.531137e+000
1.124255972267548e-003	5.532697e+000
1.126223288420925e-003	5.531458e+000
1.128491146638476e-003	5.525425e+000
1.132167149952683e-003	5.505020e+000
1.137049962452683e-003	5.457360e+000
1.141932774952683e-003	5.380100e+000
1.145417291675799e-003	5.290885e+000
1.148853685984452e-003	5.148993e+000
1.152511817582755e-003	4.922979e+000
1.155513838317898e-003	4.667469e+000
1.158879080375923e-003	4.311962e+000
1.161971972411049e-003	3.948129e+000
1.163479870133743e-003	3.768540e+000
1.164434194726961e-003	3.663497e+000
1.164914820149501e-003	3.617821e+000
1.165250307714474e-003	3.591338e+000
1.165699069929522e-003	3.563066e+000
1.166367511134956e-003	3.531469e+000
1.167015186980571e-003	3.510259e+000
1.167637762253861e-003	3.497030e+000
1.168284328352709e-003	3.488203e+000
1.169146273365735e-003	3.480609e+000
1.170110524106376e-003	3.475069e+000
1.171299222182878e-003	3.470692e+000
1.172732346703551e-003	3.467517e+000
1.174238286788528e-003	3.466253e+000
1.176216702625102e-003	3.467566e+000
1.178480435016397e-003	3.473562e+000
1.182149868799606e-003	3.493880e+000
1.187032681299606e-003	3.541423e+000
1.191915493799606e-003	3.618654e+000
1.195450968091606e-003	3.709237e+000
1.198884313209917e-003	3.851345e+000
1.202555031277312e-003	4.079079e+000
1.205594739853975e-003	4.338807e+000
1.208968132031579e-003	4.695978e+000
1.211928431893520e-003	5.044762e+000
1.213442065797869e-003	5.225823e+000
1.214363275494359e-003	5.328094e+000
1.214878417081312e-003	5.377829e+000
1.215207158390674e-003	5.404355e+000
1.215652572359087e-003	5.433082e+000
1.216328623244698e-003	5.465927e+000
1.216974816023893e-003	5.487627e+000
1.217632730438378e-003	5.501932e+000
1.218228874787230e-003	5.510238e+000
1.219141661719194e-003	5.518409e+000
1.220038224485306e-003	5.523677e+000
1.221283562339096e-003	5.528332e+000
1.222660300533307e-003	5.531458e+000
1.224204912392897e-003	5.532801e+000
1.226204272901767e-003	5.531534e+000
1.228460218045603e-003	5.525606e+000
1.232117249909520e-003	5.505437e+000
1.237000062409520e-003	5.458049e+000
1.241882874909520e-003	5.381186e+000
1.245382341116743e-003	5.292067e+000
1.248814869479878e-003	5.151029e+000
1.252476665127603e-003	4.925735e+000
1.255472402545786e-003	4.671598e+000
1.258831365275914e-003	4.317350e+000
1.262017688621819e-003	3.942982e+000
1.263527701235271e-003	3.763823e+000
1.264502653991083e-003	3.657359e+000
1.264960924127137e-003	3.614455e+000
1.265305364417321e-003	3.587819e+000
1.265747558697969e-003	3.560590e+000
1.266416697919092e-003	3.529410e+000
1.266960819097467e-003	3.511491e+000
1.267546514191764e-003	3.498897e+000
1.268342910080990e-003	3.487752e+000
1.269117790942455e-003	3.480824e+000
1.270168517533913e-003	3.474852e+000
1.271223033269072e-003	3.470970e+000
1.272837606401304e-003	3.467503e+000
1.274435453618023e-003	3.466259e+000
1.276290094190628e-003	3.467682e+000
1.278599796896362e-003	3.474089e+000
1.282342380142615e-003	3.495328e+000
1.287225192642615e-003	3.543918e+000
1.292108005142615e-003	3.622549e+000
1.295549666429209e-003	3.712362e+000
1.299011869029803e-003	3.857900e+000
1.302657055560267e-003	4.086812e+000
1.305706736170133e-003	4.349727e+000
1.309072136986077e-003	4.707510e+000
1.311817303860348e-003	5.031806e+000
1.313320296505639e-003	5.212977e+000
1.314208558258138e-003	5.312913e+000
1.314833644796803e-003	5.374616e+000
1.315153058041334e-003	5.400980e+000
1.315625094016476e-003	5.431894e+000
1.316295328367745e-003	5.465002e+000
1.316935903393198e-003	5.487051e+000
1.317504324224821e-003	5.499949e+000
1.318099952825961e-003	5.508782e+000
1.318938003450561e-003	5.516932e+000
1.319882781665126e-003	5.522945e+000
1.321008329301740e-003	5.527543e+000
1.322396070863909e-003	5.530904e+000
1.324366253368972e-003	5.532765e+000
1.326264342900393e-003	5.531542e+000
1.328557917667244e-003	5.525280e+000
1.332274849895281e-003	5.504361e+000
1.337157662395280e-003	5.456120e+000
1.342040474895280e-003	5.377623e+000
1.345600509203299e-003	5.284449e+000
1.349087962534245e-003	5.136795e+000
1.352742387499985e-003	4.904922e+000
1.355844065520316e-003	4.635035e+000
1.359227054268726e-003	4.273518e+000
1.361714878137049e-003	3.978670e+000
1.363215228525491e-003	3.796721e+000
1.364081631233613e-003	3.698579e+000
1.364839454147909e-003	3.623138e+000
1.365156223555678e-003	3.597003e+000
1.365661745988523e-003	3.564162e+000
1.366244252793792e-003	3.535059e+000
1.366769380624368e-003	3.516338e+000
1.367358522085034e-003	3.502080e+000
1.368024746047115e-003	3.491449e+000
1.368884727934096e-003	3.482652e+000
1.369780644273412e-003	3.476761e+000
1.370879960240888e-003	3.472113e+000
1.372226089934029e-003	3.468649e+000
1.374147025022743e-003	3.466588e+000
1.376182708479145e-003	3.467645e+000
1.378425142376366e-003	3.473456e+000
1.382060649139713e-003	3.493357e+000
1.386943461639713e-003	3.540424e+000
1.391826274139713e-003	3.617027e+000
1.395407121405918e-003	3.708171e+000
1.398859053499441e-003	3.850305e+000
1.402521843043363e-003	4.076436e+000
1.405513596968482e-003	4.330904e+000
1.408865327240148e-003	4.684790e+000
1.411979800859715e-003	5.051042e+000
1.413478078484763e-003	5.229662e+000
1.414417147619129e-003	5.333372e+000
1.414901316539602e-003	5.379695e+000
1.415233716780261e-003	5.406230e+000
1.415670504718795e-003	5.434133e+000
1.416348084203978e-003	5.466688e+000
1.416998168932679e-003	5.488349e+000
1.417623121847158e-003	5.501837e+000
1.418254176529313e-003	5.510597e+000
1.419107166691987e-003	5.518268e+000
1.420046140268418e-003	5.523798e+000
1.421235901214295e-003	5.528292e+000
1.422663442769260e-003	5.531528e+000
1.424272018235527e-003	5.532913e+000
1.426229263188832e-003	5.531618e+000
1.428500864326141e-003	5.525552e+000
1.432182826730084e-003	5.505073e+000
1.437065639230084e-003	5.457333e+000
1.441948451730084e-003	5.379919e+000
1.445439379592013e-003	5.290335e+000
1.448875467106034e-003	5.148106e+000
1.452534409589037e-003	4.921440e+000
1.455550905978308e-003	4.664109e+000
1.458922126014337e-003	4.307523e+000
1.461944272290428e-003	3.951692e+000
1.463450985615864e-003	3.771818e+000
1.464393028987528e-003	3.667671e+000
1.464895875132769e-003	3.619507e+000
1.465227498997886e-003	3.593075e+000
1.465681510994507e-003	3.564204e+000
1.466348849023646e-003	3.532305e+000
1.466993737486287e-003	3.510963e+000
1.467627508066039e-003	3.497343e+000
1.468259360638664e-003	3.488617e+000
1.469127794370793e-003	3.480893e+000
1.470080295001264e-003	3.475362e+000
1.471274282354584e-003	3.470919e+000
1.472685305096987e-003	3.467750e+000
1.474223273650436e-003	3.466428e+000
1.476211111504200e-003	3.467715e+000
1.478471341104007e-003	3.473680e+000
1.482135196740242e-003	3.493930e+000
1.487018009240242e-003	3.541397e+000
1.491900821740242e-003	3.618520e+000
1.495440015096512e-003	3.709067e+000
1.498872448117073e-003	3.850953e+000
1.502544197345557e-003	4.078476e+000
1.505578348609294e-003	4.337478e+000
1.508951175440179e-003	4.694416e+000
1.511940064246113e-003	5.046447e+000
1.513454241703210e-003	5.227403e+000
1.514379832223400e-003	5.329980e+000
1.514884368792720e-003	5.378542e+000
1.515214412224571e-003	5.405080e+000
1.515657038715907e-003	5.433537e+000
1.516333733094985e-003	5.466293e+000
1.516980626062890e-003	5.487951e+000
1.517632148325914e-003	5.502074e+000
1.518234437342013e-003	5.510445e+000
1.519140796552540e-003	5.518550e+000
1.520043161037757e-003	5.523844e+000
1.521281991675258e-003	5.528471e+000
1.522667085874737e-003	5.531610e+000
1.524213520276183e-003	5.532948e+000
1.526207478967243e-003	5.531675e+000
1.528465432762069e-003	5.525730e+000
1.532125663880905e-003	5.505522e+000
1.537008476380905e-003	5.458091e+000
1.541891288880905e-003	5.381171e+000
1.545388126208773e-003	5.292053e+000
1.548821340233417e-003	5.150895e+000
1.552482546027825e-003	4.925523e+000
1.555478441582568e-003	4.671278e+000
1.558837634600696e-003	4.316945e+000
1.562013726407792e-003	3.943740e+000
1.563523866115173e-003	3.764492e+000
1.564496301073399e-003	3.658201e+000
1.564956416656110e-003	3.615043e+000
1.565299635186402e-003	3.588428e+000
1.565742542825150e-003	3.561069e+000
1.566411751123501e-003	3.529773e+000
1.566956943331936e-003	3.511755e+000
1.567542861478080e-003	3.499108e+000
1.568335979465420e-003	3.487967e+000
1.569111214644314e-003	3.481011e+000
1.570159675495323e-003	3.475028e+000
1.571213059717625e-003	3.471134e+000
1.572821423189334e-003	3.467665e+000
1.574433312774390e-003	3.466399e+000
1.576289297629356e-003	3.467815e+000
1.578598501483233e-003	3.474217e+000
1.582340291521051e-003	3.495448e+000
1.587223104021051e-003	3.544029e+000
1.592105916521050e-003	3.622647e+000
1.595547111679526e-003	3.712433e+000
1.599009251050150e-003	3.857945e+000
1.602654430457400e-003	4.086815e+000
1.605702852682588e-003	4.349583e+000
1.609067972424936e-003	4.707312e+000
1.611817345010395e-003	5.032094e+000
1.613320295882274e-003	5.213248e+000
1.614208926692464e-003	5.313216e+000
1.614832319729845e-003	5.374741e+000
1.615151792834433e-003	5.401107e+000
1.615623438321394e-003	5.431998e+000
1.616293819001586e-003	5.465115e+000
1.616934284098250e-003	5.487163e+000
1.617503139220451e-003	5.500071e+000
1.618098882105414e-003	5.508906e+000
1.618936786515025e-003	5.517053e+000
1.619881525385644e-003	5.523067e+000
1.621007162574672e-003	5.527666e+000
1.622394963687376e-003	5.531027e+000
1.624365386229080e-003	5.532889e+000
1.626264020168083e-003	5.531668e+000
1.628557392795600e-003	5.525407e+000
1.632274003442106e-003	5.504492e+000
1.637156815942106e-003	5.456259e+000
1.642039628442106e-003	5.377781e+000
1.645598513913713e-003	5.284670e+000
1.649085363952495e-003	5.137102e+000
1.652739886796298e-003	4.905326e+000
1.655839441076048e-003	4.635725e+000
1.659221928116012e-003	4.274341e+000
1.661719171149218e-003	3.978417e+000
1.663219307467205e-003	3.796531e+000
1.664086429878861e-003	3.698323e+000
1.664839566752837e-003	3.623359e+000
1.665156301505859e-003	3.597221e+000
1.665661160045640e-003	3.564402e+000
1.666245893068143e-003	3.535173e+000
1.666771196926086e-003	3.516438e+000
1.667359714946077e-003	3.502196e+000
1.668027411739002e-003	3.491546e+000
1.668887669337392e-003	3.482750e+000
1.669783141465039e-003	3.476867e+000
1.670882495137730e-003	3.472223e+000
1.672229102742893e-003	3.468760e+000
1.674150893362314e-003	3.466703e+000
1.676184149743299e-003	3.467762e+000
1.678427486711207e-003	3.473582e+000
1.682064432461474e-003	3.493501e+000
1.686947244961474e-003	3.540590e+000
1.691830057461474e-003	3.617226e+000
1.695408918841025e-003	3.708362e+000
1.698861291016782e-003	3.850572e+000
1.702523659594224e-003	4.076753e+000
1.705515571204124e-003	4.331300e+000
1.708867466107248e-003	4.685252e+000
1.711974775744504e-003	5.050700e+000
1.713472932272587e-003	5.229360e+000
1.714410768515866e-003	5.332991e+000
1.714897602476168e-003	5.379614e+000
1.715229604232227e-003	5.406147e+000
1.715667075925713e-003	5.434124e+000
1.716344466541564e-003	5.466712e+000
1.716994249731743e-003	5.488389e+000
1.717620666023045e-003	5.501925e+000
1.718249868997305e-003	5.510670e+000
1.719103977789116e-003	5.518359e+000
1.720041304007205e-003	5.523887e+000
1.721232120848554e-003	5.528391e+000
1.722656845389838e-003	5.531626e+000
1.724269233561975e-003	5.533019e+000
1.726228226340275e-003	5.531727e+000
1.728499177947007e-003	5.525667e+000
1.732180106286194e-003	5.505202e+000
1.737062918786194e-003	5.457479e+000
1.741945731286194e-003	5.380091e+000
1.745437814028673e-003	5.290510e+000
1.748873764224812e-003	5.148334e+000
1.752533087040220e-003	4.921717e+000
1.755548087461399e-003	4.664581e+000
1.758919112068393e-003	4.308066e+000
1.761949223490430e-003	3.951341e+000
1.763456053419555e-003	3.771510e+000
1.764399637142807e-003	3.667253e+000
1.764899617748229e-003	3.619412e+000
1.765231705617001e-003	3.592975e+000
1.765685012692777e-003	3.564182e+000
1.766352579384121e-003	3.532316e+000
1.766997709558876e-003	3.510993e+000
1.767630061320562e-003	3.497421e+000
1.768263744750557e-003	3.488683e+000
1.769131234629152e-003	3.480976e+000
1.770085287255697e-003	3.475443e+000
1.771278421182091e-003	3.471009e+000
1.772692228702475e-003	3.467840e+000
1.774225936822589e-003	3.466527e+000
1.776212103341435e-003	3.467817e+000
1.778472954326011e-003	3.473788e+000
1.782137799553775e-003	3.494050e+000
1.787020612053775e-003	3.541534e+000
1.791903424553775e-003	3.618681e+000
1.795441308216015e-003	3.709225e+000
1.798874107321494e-003	3.851172e+000
1.802545595276917e-003	4.078744e+000
1.805580588257477e-003	4.337877e+000
1.808953374043237e-003	4.694854e+000
1.811935567140677e-003	5.046133e+000
1.813449680322283e-003	5.227128e+000
1.814374131343793e-003	5.329628e+000
1.814881256495475e-003	5.378480e+000
1.815210947243498e-003	5.405015e+000
1.815654232517129e-003	5.433539e+000
1.816330740556758e-003	5.466319e+000
1.816977445247728e-003	5.487990e+000
1.817630437247806e-003	5.502158e+000
1.818231194855032e-003	5.510515e+000
1.819138921150560e-003	5.518637e+000
1.820039861396206e-003	5.523926e+000
1.821280064481238e-003	5.528562e+000
1.822662971513461e-003	5.531699e+000
1.824210881601818e-003	5.533041e+000
1.826206496190214e-003	5.531771e+000
1.828463834262873e-003	5.525830e+000
1.832123084719003e-003	5.505635e+000
1.837005897219003e-003	5.458221e+000
1.841888709719003e-003	5.381325e+000
1.845386568823879e-003	5.292211e+000
1.848819692688776e-003	5.151102e+000
1.852481262028213e-003	4.925767e+000
1.855476639426438e-003	4.671621e+000
1.858835315748230e-003	4.317386e+000
1.862017679775766e-003	3.943480e+000
1.863527935038782e-003	3.764267e+000
1.864501805513612e-003	3.657881e+000
1.864960877233886e-003	3.614868e+000
1.865304804168901e-003	3.588241e+000
1.865747357882309e-003	3.560952e+000
1.866416557915322e-003	3.529722e+000
1.866961207078834e-003	3.511759e+000
1.867547030770039e-003	3.499142e+000
1.868342049525355e-003	3.488001e+000
1.869117145168181e-003	3.481061e+000
1.870166920582693e-003	3.475085e+000
1.871221009573655e-003	3.471200e+000
1.872832979177818e-003	3.467734e+000
1.874435306412139e-003	3.466484e+000
1.876290039418731e-003	3.467904e+000
1.878599707823262e-003	3.474310e+000
1.882342236528677e-003	3.495551e+000
1.887225049028677e-003	3.544145e+000
1.892107861528676e-003	3.622781e+000
1.895547645308658e-003	3.712550e+000
1.899009943834902e-003	3.858098e+000
1.902655000243971e-003	4.086999e+000
1.905703909863373e-003	4.349845e+000
1.909069026693944e-003	4.707602e+000
1.911814800028904e-003	5.031976e+000
1.913317837878947e-003	5.213161e+000
1.914206043064388e-003	5.313098e+000
1.914831116080286e-003	5.374804e+000
1.915150487318763e-003	5.401166e+000
1.915622479297692e-003	5.432082e+000
1.916292684794210e-003	5.465192e+000
1.916933241561635e-003	5.487243e+000
1.917501688806211e-003	5.500144e+000
1.918097281616911e-003	5.508978e+000
1.918935243180719e-003	5.517128e+000
1.919879956576203e-003	5.523144e+000
1.921005430843090e-003	5.527744e+000
1.922393052434494e-003	5.531107e+000
1.924363042835517e-003	5.532971e+000
1.926263147997443e-003	5.531751e+000
1.928555974350184e-003	5.525496e+000
1.932271715922928e-003	5.504591e+000
1.937154528422928e-003	5.456373e+000
1.942037340922927e-003	5.377920e+000
1.945596539779741e-003	5.284834e+000
1.949083074249536e-003	5.137333e+000
1.952737797357483e-003	4.905628e+000
1.955835555946908e-003	4.636265e+000
1.959217639111982e-003	4.274985e+000
1.961722338358666e-003	3.978209e+000
1.963222220153474e-003	3.796381e+000
1.964089893111900e-003	3.698123e+000
1.964839542416867e-003	3.623513e+000
1.965156252099728e-003	3.597373e+000
1.965660603083591e-003	3.564572e+000
1.966247110777134e-003	3.535244e+000
1.966772522401697e-003	3.516500e+000
1.967360532065586e-003	3.502273e+000
1.968029483519524e-003	3.491607e+000
1.968890176882997e-003	3.482811e+000
1.969785430175547e-003	3.476934e+000
1.970884848633901e-003	3.472293e+000
1.972231988882203e-003	3.468833e+000
1.974154787292899e-003	3.466778e+000
1.976185600510327e-003	3.467841e+000
1.978429846497097e-003	3.473668e+000
1.982068240671541e-003	3.493606e+000
1.986951053171541e-003	3.540717e+000
1.991833865671541e-003	3.617385e+000
1.995411093047644e-003	3.708520e+000
1.998863929442661e-003	3.850808e+000
2.002525934422649e-003	4.077044e+000
2.005518063975018e-003	4.331677e+000
2.008870168888716e-003	4.685699e+000
2.011970131092165e-003	5.050321e+000
2.013468157810743e-003	5.229019e+000
2.014404762540932e-003	5.332571e+000
2.014894331626421e-003	5.379499e+000
2.015225937713527e-003	5.406031e+000
2.015664115568502e-003	5.434083e+000
2.016341318620551e-003	5.466702e+000
2.016990815215556e-003	5.488394e+000
2.017618729189484e-003	5.501979e+000
2.018246087558578e-003	5.510710e+000
2.019101367867308e-003	5.518417e+000
2.020037048609101e-003	5.523941e+000
2.021228986056253e-003	5.528455e+000
2.022650934434498e-003	5.531689e+000
2.024266596817592e-003	5.533088e+000
2.026227244558885e-003	5.531800e+000
2.028497581128680e-003	5.525745e+000
2.032177530298010e-003	5.505293e+000
2.037060342798010e-003	5.457585e+000
2.041943155298010e-003	5.380221e+000
2.045436242297534e-003	5.290644e+000
2.048872082649962e-003	5.148513e+000
2.052531744896054e-003	4.921937e+000
2.055545425661544e-003	4.664972e+000
2.058916278816782e-003	4.308519e+000
2.061953263007447e-003	3.951020e+000
2.063460188365399e-003	3.771226e+000
2.064405105439208e-003	3.666874e+000
2.064902634445469e-003	3.619309e+000
2.065235121223553e-003	3.592868e+000
2.065687820677205e-003	3.564142e+000
2.066355580189540e-003	3.532305e+000
2.067000928882280e-003	3.510998e+000
2.067632035980635e-003	3.497470e+000
2.068267332332370e-003	3.488719e+000
2.069133978339354e-003	3.481028e+000
2.070089400207107e-003	3.475493e+000
2.071281774457315e-003	3.471068e+000
2.072698039483392e-003	3.467898e+000
2.074228186214309e-003	3.466592e+000
2.076212941065055e-003	3.467885e+000
2.078474316880114e-003	3.473861e+000
2.082139997915997e-003	3.494134e+000
2.087022810415997e-003	3.541631e+000
2.091905622915996e-003	3.618797e+000
2.095442442375090e-003	3.709339e+000
2.098875560371362e-003	3.851336e+000
2.102546851712597e-003	4.078947e+000
2.105582451453209e-003	4.338179e+000
2.108955175299246e-003	4.695183e+000
2.111932159281065e-003	5.045875e+000
2.113446232462369e-003	5.226902e+000
2.114369798253835e-003	5.329342e+000
2.114878971202232e-003	5.378422e+000
2.115208389294145e-003	5.404954e+000
2.115652196766567e-003	5.433531e+000
2.116328559081249e-003	5.466330e+000
2.116975125220692e-003	5.488011e+000
2.117629268104629e-003	5.502213e+000
2.118228843517631e-003	5.510559e+000
2.119137654194707e-003	5.518694e+000
2.120037491625449e-003	5.523980e+000
2.121278789596903e-003	5.528622e+000
2.122660018835026e-003	5.531758e+000
2.124208868509862e-003	5.533103e+000
2.126205746402850e-003	5.531834e+000
2.128462614722354e-003	5.525898e+000
2.132121116988353e-003	5.505713e+000
2.137003929488353e-003	5.458310e+000
2.141886741988353e-003	5.381433e+000
2.145385322280262e-003	5.292324e+000
2.148818411721494e-003	5.151248e+000
2.152480262390997e-003	4.925941e+000
2.155475210201331e-003	4.671873e+000
2.158833454611471e-003	4.317715e+000
2.162020500378541e-003	3.943285e+000
2.163530846910998e-003	3.764098e+000
2.164505772660213e-003	3.657641e+000
2.164964085216665e-003	3.614734e+000
2.165308531724926e-003	3.588097e+000
2.165750829563745e-003	3.560861e+000
2.166420024079199e-003	3.529679e+000
2.166964264482497e-003	3.511757e+000
2.167550013065383e-003	3.499162e+000
2.168346474560034e-003	3.488019e+000
2.169121428619249e-003	3.481092e+000
2.170172212468863e-003	3.475122e+000
2.171226786199583e-003	3.471242e+000
2.172841480859403e-003	3.467779e+000
2.174436800932850e-003	3.466539e+000
2.176290595493828e-003	3.467963e+000
2.178600612143025e-003	3.474373e+000
2.182343694574171e-003	3.495620e+000
2.187226507074171e-003	3.544224e+000
2.192109319574171e-003	3.622873e+000
2.195547893962313e-003	3.712624e+000
2.199010292682780e-003	3.858194e+000
2.202655267099393e-003	4.087112e+000
2.205704345138559e-003	4.349993e+000
2.209069407656940e-003	4.707759e+000
2.211813260561010e-003	5.031917e+000
2.213316366502204e-003	5.213122e+000
2.214204333575845e-003	5.313041e+000
2.214830340135594e-003	5.374847e+000
2.215149653396815e-003	5.401208e+000
2.215621834649925e-003	5.432137e+000
2.216291943006793e-003	5.465242e+000
2.216932548873394e-003	5.487296e+000
2.217500774282914e-003	5.500193e+000
2.218096282902395e-003	5.509027e+000
2.218934274493057e-003	5.517179e+000
2.219878970696664e-003	5.523195e+000
2.221004355704112e-003	5.527796e+000
2.222391874695006e-003	5.531161e+000
2.224361628447987e-003	5.533026e+000
2.226262621582619e-003	5.531806e+000
2.228555118219900e-003	5.525554e+000
2.232270335237774e-003	5.504657e+000
2.237153147737774e-003	5.456447e+000
2.242035960237774e-003	5.378010e+000
2.245595030974057e-003	5.284952e+000
2.249081330824734e-003	5.137498e+000
2.252736185646244e-003	4.905847e+000
2.255832522333412e-003	4.636670e+000
2.259214265282578e-003	4.275473e+000
2.261724663621862e-003	3.978045e+000
2.263224373724780e-003	3.796259e+000
2.264092466360914e-003	3.697962e+000
2.264839462152691e-003	3.623622e+000
2.265156155663757e-003	3.597480e+000
2.265660114263857e-003	3.564694e+000
2.266248010257507e-003	3.535290e+000
2.266773511225078e-003	3.516538e+000
2.267361131394587e-003	3.502324e+000
2.268031062320810e-003	3.491645e+000
2.268892098074243e-003	3.482850e+000
2.269787195809878e-003	3.476977e+000
2.270886674616996e-003	3.472338e+000
2.272234268295810e-003	3.468880e+000
2.274157902609310e-003	3.466828e+000
2.276186761165124e-003	3.467893e+000
2.278431734388329e-003	3.473727e+000
2.282071287306642e-003	3.493679e+000
2.286954099806642e-003	3.540807e+000
2.291836912306642e-003	3.617501e+000
2.295412706438762e-003	3.708630e+000
2.298865899907891e-003	3.850976e+000
2.302527631193537e-003	4.077251e+000
2.305519851282037e-003	4.331941e+000
2.308872053111953e-003	4.686007e+000
2.311966830607274e-003	5.050045e+000
2.313464774083184e-003	5.228770e+000
2.314400504863831e-003	5.332266e+000
2.314892049645340e-003	5.379416e+000
2.315223374685687e-003	5.405946e+000
2.315662062762405e-003	5.434052e+000
2.316339130332804e-003	5.466693e+000
2.316988431866947e-003	5.488395e+000
2.317617411656082e-003	5.502015e+000
2.318243471317304e-003	5.510735e+000
2.319099591469926e-003	5.518455e+000
2.320034112006285e-003	5.523977e+000
2.321226858781719e-003	5.528497e+000
2.322646860127762e-003	5.531730e+000
2.324264739539011e-003	5.533134e+000
2.326226553000930e-003	5.531848e+000
2.328496456342495e-003	5.525798e+000
2.332175715779159e-003	5.505354e+000
2.337058528279159e-003	5.457657e+000
2.341941340779159e-003	5.380310e+000
2.345435090067837e-003	5.290736e+000
2.348870891539978e-003	5.148636e+000
2.352530805685575e-003	4.922088e+000
2.355543457246140e-003	4.665252e+000
2.358914149142736e-003	4.308848e+000
2.361956093779764e-003	3.950791e+000
2.363463098120233e-003	3.771022e+000
2.364408967853334e-003	3.666602e+000
2.364904765997173e-003	3.619231e+000
2.365237538033695e-003	3.592788e+000
2.365689808383998e-003	3.564111e+000
2.366357704051373e-003	3.532294e+000
2.367003214179395e-003	3.510999e+000
2.367633423990058e-003	3.497501e+000
2.368269894101392e-003	3.488742e+000
2.369135914041994e-003	3.481061e+000
2.370092336816349e-003	3.475526e+000
2.371284153549434e-003	3.471106e+000
2.372702211714608e-003	3.467937e+000
2.374229812541765e-003	3.466635e+000
2.376213546739621e-003	3.467930e+000
2.378475302006049e-003	3.473910e+000
2.382141587320896e-003	3.494190e+000
2.387024399820896e-003	3.541697e+000
2.391907212320896e-003	3.618877e+000
2.395443235652541e-003	3.709417e+000
2.398876615611059e-003	3.851449e+000
2.402547780280473e-003	4.079089e+000
2.405583708561111e-003	4.338381e+000
2.408956347569547e-003	4.695400e+000
2.411929796968351e-003	5.045692e+000
2.413443853879089e-003	5.226744e+000
2.414366808788301e-003	5.329142e+000
2.414877411755746e-003	5.378381e+000
2.415206641739296e-003	5.404912e+000
2.415650813327022e-003	5.433526e+000
2.416327074416302e-003	5.466337e+000
2.416973548449502e-003	5.488024e+000
2.417628478723062e-003	5.502251e+000
2.418227249014145e-003	5.510589e+000
2.419136797939816e-003	5.518733e+000
2.420035886362856e-003	5.524016e+000
2.421277932557676e-003	5.528662e+000
2.422658021986229e-003	5.531797e+000
2.424207498810892e-003	5.533144e+000
2.426205236246260e-003	5.531877e+000
2.428461784943964e-003	5.525943e+000
2.432119778132301e-003	5.505764e+000
2.437002590632301e-003	5.458370e+000
2.441885403132301e-003	5.381505e+000
2.445384431072271e-003	5.292400e+000
2.448817537883733e-003	5.151346e+000
2.452479595065573e-003	4.926058e+000
2.455474188715323e-003	4.672049e+000
2.458832075215961e-003	4.317950e+000
2.462022387793219e-003	3.943156e+000
2.463532806456180e-003	3.763984e+000
2.464508444788178e-003	3.657480e+000
2.464966248208684e-003	3.614643e+000
2.465311044690847e-003	3.587976e+000
2.465746197991771e-003	3.561174e+000
2.466423012742451e-003	3.530074e+000
2.467084718171152e-003	3.509090e+000
2.467709292265198e-003	3.496275e+000
2.468327573164469e-003	3.488127e+000
2.469218940055601e-003	3.480516e+000
2.470177705670054e-003	3.475149e+000
2.471399450569027e-003	3.470793e+000
2.472845439250197e-003	3.467757e+000
2.474458883612203e-003	3.466580e+000
2.476298811566834e-003	3.468010e+000
2.478613973455261e-003	3.474466e+000
2.482365236331668e-003	3.495819e+000
2.487248048831668e-003	3.544541e+000
2.492130861331667e-003	3.623503e+000
2.495600235442328e-003	3.714531e+000
2.499063246813376e-003	3.861079e+000
2.502720012021411e-003	4.092668e+000
2.505841577162742e-003	4.363903e+000
2.509226961509016e-003	4.725485e+000
2.511743558785415e-003	5.023648e+000
2.513253871595114e-003	5.206510e+000
2.514124601061845e-003	5.304954e+000
2.514834572746911e-003	5.375497e+000
2.515151229351138e-003	5.401699e+000
2.515638086279204e-003	5.433401e+000
2.516298574621613e-003	5.465761e+000
2.516947301965489e-003	5.487867e+000
2.517499567617029e-003	5.500319e+000
2.518089037346778e-003	5.509014e+000
2.518935914118311e-003	5.517237e+000
2.519881676928504e-003	5.523253e+000
2.521007924157173e-003	5.527846e+000
2.522398029649333e-003	5.531207e+000
2.524371364799164e-003	5.533065e+000
2.526266245249612e-003	5.531840e+000
2.528561011522406e-003	5.525567e+000
2.532279839263303e-003	5.504624e+000
2.537162651763303e-003	5.456364e+000
2.542045464263303e-003	5.377791e+000
2.545618217573097e-003	5.284122e+000
2.549113104770370e-003	5.135828e+000
2.552767794076561e-003	4.903388e+000
2.555874888591618e-003	4.632510e+000
2.559258209518477e-003	4.270610e+000
2.561701622119384e-003	3.980886e+000
2.563201814381057e-003	3.798796e+000
2.564064508906122e-003	3.701011e+000
2.564851521094569e-003	3.622641e+000
2.565168829887017e-003	3.596515e+000
2.565678433385330e-003	3.563566e+000
2.566249927724630e-003	3.535148e+000
2.566773829955841e-003	3.516557e+000
2.567366154520084e-003	3.502251e+000
2.568027164101309e-003	3.491720e+000
2.568891209453495e-003	3.482902e+000
2.569793074542897e-003	3.476985e+000
2.570893673765707e-003	3.472349e+000
2.572241941951066e-003	3.468900e+000
2.574168133433761e-003	3.466857e+000
2.576190572660040e-003	3.467930e+000
2.578437934040018e-003	3.473785e+000
2.582081291948955e-003	3.493784e+000
2.586964104448955e-003	3.540967e+000
2.591846916948955e-003	3.617758e+000
2.595424541152021e-003	3.709074e+000
2.598879490283220e-003	3.851723e+000
2.602541136082210e-003	4.078348e+000
2.605536808216353e-003	4.333660e+000
2.608891910417221e-003	4.688272e+000
2.611949072532882e-003	5.048056e+000
2.613446353111185e-003	5.226934e+000
2.614376416666610e-003	5.330048e+000
2.614881064960604e-003	5.378654e+000
2.615210612616665e-003	5.405170e+000
2.615652662900845e-003	5.433619e+000
2.616328857487944e-003	5.466391e+000
2.616977129261899e-003	5.488159e+000
2.617613245047888e-003	5.502001e+000
2.618231101243347e-003	5.510646e+000
2.619093450923495e-003	5.518447e+000
2.620020476204800e-003	5.523948e+000
2.621219250852819e-003	5.528507e+000
2.622627315072688e-003	5.531731e+000
2.624253860837514e-003	5.533157e+000
2.626222502188001e-003	5.531884e+000
2.628489867858394e-003	5.525856e+000
2.632165086937406e-003	5.505462e+000
2.637047899437406e-003	5.457824e+000
2.641930711937406e-003	5.380560e+000
2.645428128948490e-003	5.290992e+000
2.648863172512152e-003	5.149066e+000
2.652524066213858e-003	4.922662e+000
2.655533167377145e-003	4.666314e+000
2.658903721867039e-003	4.310055e+000
2.661967267678820e-003	3.949557e+000
2.663474521599965e-003	3.769912e+000
2.664424837242801e-003	3.665170e+000
2.664912691355319e-003	3.618692e+000
2.665246770638087e-003	3.592238e+000
2.665697037984609e-003	3.563785e+000
2.666365522467262e-003	3.532069e+000
2.667011851561308e-003	3.510828e+000
2.667637935807504e-003	3.497473e+000
2.668279831303770e-003	3.488675e+000
2.669143296324311e-003	3.481043e+000
2.670104204341022e-003	3.475503e+000
2.671293746028963e-003	3.471109e+000
2.672720114925015e-003	3.467937e+000
2.674236191076878e-003	3.466656e+000
2.676215922175974e-003	3.467962e+000
2.678479165627927e-003	3.473954e+000
2.682147820818961e-003	3.494265e+000
2.687030633318961e-003	3.541805e+000
2.691913445818961e-003	3.619035e+000
2.695447204704734e-003	3.709577e+000
2.698881195292524e-003	3.851721e+000
2.702551859240634e-003	4.079452e+000
2.705589661508354e-003	4.339016e+000
2.708962311806899e-003	4.696114e+000
2.711923380060412e-003	5.045003e+000
2.713437374024041e-003	5.226126e+000
2.714358363666393e-003	5.328388e+000
2.714873715962488e-003	5.378153e+000
2.715202359602173e-003	5.404678e+000
2.715647763294821e-003	5.433412e+000
2.716323695283886e-003	5.466260e+000
2.716969908856383e-003	5.487968e+000
2.717627592712948e-003	5.502274e+000
2.718223680754017e-003	5.510584e+000
2.719136065088131e-003	5.518758e+000
2.720032574566327e-003	5.524030e+000
2.721277516960292e-003	5.528689e+000
2.722653880589879e-003	5.531819e+000
2.724203187499247e-003	5.533170e+000
2.726203630435717e-003	5.531906e+000
2.728459173060668e-003	5.525981e+000
2.732115563793182e-003	5.505822e+000
2.736998376293182e-003	5.458451e+000
2.741881188793181e-003	5.381621e+000
2.745381576459439e-003	5.292522e+000
2.748814494100720e-003	5.151534e+000
2.752476993132922e-003	4.926297e+000
2.755471041919592e-003	4.672400e+000
2.758828367646857e-003	4.318414e+000
2.762016846891867e-003	3.943835e+000
2.763527119482245e-003	3.764606e+000
2.764500477858535e-003	3.658242e+000
2.764960384195157e-003	3.615125e+000
2.765303822326413e-003	3.588513e+000
2.765746549006512e-003	3.561186e+000
2.766415674352860e-003	3.529921e+000
2.766960375084956e-003	3.511933e+000
2.767546123830789e-003	3.499300e+000
2.768340676326603e-003	3.488148e+000
2.769115084727823e-003	3.481205e+000
2.770164880074999e-003	3.475222e+000
2.771217821604931e-003	3.471335e+000
2.772828762425298e-003	3.467867e+000
2.774436097423434e-003	3.466610e+000
2.776290333735338e-003	3.468028e+000
2.778600186457163e-003	3.474437e+000
2.782343008236702e-003	3.495682e+000
2.787225820736702e-003	3.544282e+000
2.792108633236702e-003	3.622925e+000
2.795546038503202e-003	3.712635e+000
2.799008368774733e-003	3.858182e+000
2.802653312666103e-003	4.087057e+000
2.805700926038948e-003	4.349770e+000
2.809065581851927e-003	4.707462e+000
2.811814213239180e-003	5.032169e+000
2.813317310223576e-003	5.213356e+000
2.814205711258647e-003	5.313310e+000
2.814829822282308e-003	5.374916e+000
2.815149217727199e-003	5.401279e+000
2.815620976513665e-003	5.432181e+000
2.816291279089288e-003	5.465298e+000
2.816931744836513e-003	5.487349e+000
2.817500454287831e-003	5.500256e+000
2.818096108217903e-003	5.509091e+000
2.818933974785477e-003	5.517241e+000
2.819878648410484e-003	5.523256e+000
2.821004164807818e-003	5.527857e+000
2.822391786950640e-003	5.531222e+000
2.824361892805834e-003	5.533088e+000
2.826262719973072e-003	5.531868e+000
2.828555278236444e-003	5.525615e+000
2.832270593297660e-003	5.504717e+000
2.837153405797660e-003	5.456507e+000
2.842036218297660e-003	5.378079e+000
2.845593268360081e-003	5.285093e+000
2.849079158199476e-003	5.137698e+000
2.852734049762594e-003	4.906122e+000
2.855828437744172e-003	4.637194e+000
2.859209646886283e-003	4.276114e+000
2.861727638745998e-003	3.977819e+000
2.863227241305583e-003	3.796073e+000
2.864095902756974e-003	3.697725e+000
2.864839247234221e-003	3.623756e+000
2.865155925094445e-003	3.597612e+000
2.865659335794588e-003	3.564848e+000
2.866249163742432e-003	3.535337e+000
2.866774822069498e-003	3.516576e+000
2.867361927809291e-003	3.502378e+000
2.868033164498814e-003	3.491684e+000
2.868894537267170e-003	3.482890e+000
2.869789369725183e-003	3.477024e+000
2.870888935456895e-003	3.472389e+000
2.872237156649707e-003	3.468933e+000
2.874161864721634e-003	3.466884e+000
2.876188237276344e-003	3.467952e+000
2.878434135387142e-003	3.473793e+000
2.882075161939366e-003	3.493764e+000
2.886957974439366e-003	3.540915e+000
2.891840786939366e-003	3.617637e+000
2.895414137138375e-003	3.708739e+000
2.898867726550459e-003	3.851145e+000
2.902529128084628e-003	4.077452e+000
2.905521157588080e-003	4.332170e+000
2.908873225839327e-003	4.686247e+000
2.911954377332420e-003	5.048737e+000
2.913452043196585e-003	5.227567e+000
2.914385291333347e-003	5.330942e+000
2.914885081334744e-003	5.379004e+000
2.915215268493791e-003	5.405519e+000
2.915656078485998e-003	5.433836e+000
2.916332453160349e-003	5.466545e+000
2.916981256681922e-003	5.488289e+000
2.917614428696861e-003	5.502039e+000
2.918235582773427e-003	5.510715e+000
2.919095544536572e-003	5.518484e+000
2.920025487258688e-003	5.523993e+000
2.921222020045834e-003	5.528537e+000
2.922634705572613e-003	5.531765e+000
2.924257702966714e-003	5.533183e+000
2.926223932875011e-003	5.531905e+000
2.928492194818888e-003	5.525868e+000
2.932168840938363e-003	5.505457e+000
2.937051653438362e-003	5.457799e+000
2.941934465938362e-003	5.380508e+000
2.945430510509299e-003	5.290943e+000
2.948866008620580e-003	5.148952e+000
2.952526675327565e-003	4.922498e+000
2.955536450742476e-003	4.666037e+000
2.958906852052819e-003	4.309757e+000
2.961964060853113e-003	3.949977e+000
2.963471242608886e-003	3.770293e+000
2.964420141148120e-003	3.665655e+000
2.964910505765711e-003	3.618895e+000
2.965244172381368e-003	3.592443e+000
2.965695078901189e-003	3.563919e+000
2.966363377523572e-003	3.532170e+000
2.967009440885772e-003	3.510911e+000
2.967636792396700e-003	3.497511e+000
2.968277009285425e-003	3.488725e+000
2.969141117881675e-003	3.481079e+000
2.970100694383468e-003	3.475539e+000
2.971290806220567e-003	3.471138e+000
2.972714599289113e-003	3.467967e+000
2.974234491380974e-003	3.466679e+000
2.976215289198157e-003	3.467982e+000
2.978478136097923e-003	3.473971e+000
2.982146159806248e-003	3.494273e+000
2.987028972306248e-003	3.541806e+000
2.991911784806248e-003	3.619023e+000
2.995445915265380e-003	3.709560e+000
2.998879898420336e-003	3.851684e+000
3.002550729115073e-003	4.079395e+000
3.005587721458833e-003	4.338863e+000
3.008960220084300e-003	4.695924e+000
3.011924537581935e-003	5.045183e+000
3.013438545013081e-003	5.226290e+000
3.014359983616227e-003	5.328584e+000
3.014874230432691e-003	5.378228e+000
3.015203002429718e-003	5.404754e+000
3.015648113182402e-003	5.433460e+000
3.016324124098359e-003	5.466300e+000
3.016970385936960e-003	5.488004e+000
3.017627365632560e-003	5.502291e+000
3.018224108397929e-003	5.510609e+000
3.019135673048847e-003	5.518775e+000
3.020032846943300e-003	5.524050e+000
3.021276951969056e-003	5.528706e+000
3.022654212296330e-003	5.531838e+000
3.024204209103179e-003	5.533189e+000
3.026204010950229e-003	5.531925e+000
3.028459791975906e-003	5.525998e+000
3.032116562433672e-003	5.505835e+000
3.036999374933672e-003	5.458458e+000
3.041882187433672e-003	5.381622e+000
3.045382202509227e-003	5.292525e+000
3.048815301551502e-003	5.151519e+000
3.052477781023684e-003	4.926270e+000
3.055471708210555e-003	4.672373e+000
3.058828911542654e-003	4.318394e+000
3.062016317494967e-003	3.943937e+000
3.063526592195982e-003	3.764698e+000
3.064499610942214e-003	3.658358e+000
3.064959776057751e-003	3.615205e+000
3.065303046482798e-003	3.588596e+000
3.065745869365452e-003	3.561252e+000
3.066415007230137e-003	3.529971e+000
3.066959816700626e-003	3.511969e+000
3.067545567575436e-003	3.499330e+000
3.068339799341791e-003	3.488177e+000
3.069114106449146e-003	3.481230e+000
3.070163731905307e-003	3.475245e+000
3.071216389810075e-003	3.471357e+000
3.072826681310903e-003	3.467889e+000
3.074435999619857e-003	3.466629e+000
3.076290297344986e-003	3.468046e+000
3.078600127277180e-003	3.474454e+000
3.082342912820111e-003	3.495699e+000
3.087225725320111e-003	3.544300e+000
3.092108537820111e-003	3.622941e+000
3.095545524726848e-003	3.712638e+000
3.099007899384052e-003	3.858182e+000
3.102652863958696e-003	4.087048e+000
3.105699979756467e-003	4.349708e+000
3.109064475857734e-003	4.707375e+000
3.111814382173258e-003	5.032228e+000
3.113317475232709e-003	5.213410e+000
3.114205977074729e-003	5.313373e+000
3.114829655947915e-003	5.374934e+000
3.115149069077106e-003	5.401298e+000
3.115620729918554e-003	5.432193e+000
3.116291076221911e-003	5.465313e+000
3.116931512178119e-003	5.487363e+000
3.117500350961024e-003	5.500273e+000
3.118096042022762e-003	5.509109e+000
3.118933876431350e-003	5.517258e+000
3.119878543395335e-003	5.523273e+000
3.121004097187573e-003	5.527874e+000
3.122391746641223e-003	5.531239e+000
3.124361951160207e-003	5.533104e+000
3.126262741691773e-003	5.531885e+000
3.128555313558481e-003	5.525631e+000
3.132270650261745e-003	5.504733e+000
3.137153462761745e-003	5.456524e+000
3.142036275261745e-003	5.378099e+000
3.145592585479370e-003	5.285139e+000
3.149078372850914e-003	5.137762e+000
3.152733294282722e-003	4.906212e+000
3.155826898580637e-003	4.637381e+000
3.159207878951333e-003	4.276348e+000
3.161728627305984e-003	3.977737e+000
3.163228184994440e-003	3.796007e+000
3.164097043787954e-003	3.697640e+000
3.164839137162732e-003	3.623798e+000
3.165155810088476e-003	3.597653e+000
3.165659031297308e-003	3.564897e+000
3.166249540868065e-003	3.535349e+000
3.166775244693327e-003	3.516585e+000
3.167362162264616e-003	3.502392e+000
3.168033887568225e-003	3.491693e+000
3.168895430937243e-003	3.482899e+000
3.169790194541371e-003	3.477036e+000
3.170889797409063e-003	3.472402e+000
3.172238269849304e-003	3.468946e+000
3.174163425918210e-003	3.466899e+000
3.176188818901513e-003	3.467968e+000
3.178435081439661e-003	3.473813e+000
3.182076688626472e-003	3.493790e+000
3.186959501126472e-003	3.540950e+000
3.191842313626471e-003	3.617683e+000
3.195414642389113e-003	3.708771e+000
3.198868393043300e-003	3.851200e+000
3.202529683205189e-003	4.077517e+000
3.205521581835116e-003	4.332238e+000
3.208873545827377e-003	4.686313e+000
3.211953341547104e-003	5.048650e+000
3.213450999258685e-003	5.227491e+000
3.214383997035637e-003	5.330850e+000
3.214884407076740e-003	5.378980e+000
3.215214511066172e-003	5.405496e+000
3.215655480008572e-003	5.433828e+000
3.216331811466155e-003	5.466543e+000
3.216980567247810e-003	5.488291e+000
3.217614038394189e-003	5.502051e+000
3.218234835393620e-003	5.510723e+000
3.219095026037247e-003	5.518496e+000
3.220024653411249e-003	5.524004e+000
3.221221412630337e-003	5.528550e+000
3.222633567211853e-003	5.531778e+000
3.224257179391367e-003	5.533197e+000
3.226223737913766e-003	5.531919e+000
3.228491877721864e-003	5.525884e+000
3.232168329379974e-003	5.505476e+000
3.237051141879974e-003	5.457821e+000
3.241933954379974e-003	5.380535e+000
3.245430101361810e-003	5.290973e+000
3.248865675812646e-003	5.148987e+000
3.252526449737457e-003	4.922541e+000
3.255535674760071e-003	4.666139e+000
3.258905930085180e-003	4.309890e+000
3.261955500198541e-003	3.950985e+000
3.263462533188791e-003	3.771210e+000
3.264408371925244e-003	3.666780e+000
3.264904894510001e-003	3.619330e+000
3.265237450997120e-003	3.592896e+000
3.265689810380835e-003	3.564205e+000
3.266357591905787e-003	3.532383e+000
3.267003174282102e-003	3.511077e+000
3.267633278418743e-003	3.497575e+000
3.268269742193585e-003	3.488812e+000
3.269135179849881e-003	3.481133e+000
3.270091856050031e-003	3.475593e+000
3.271282956144254e-003	3.471174e+000
3.272701008004447e-003	3.468004e+000
3.274230751995973e-003	3.466699e+000
3.276213896607524e-003	3.467995e+000
3.278475871063525e-003	3.473976e+000
3.282142505436016e-003	3.494261e+000
3.287025317936016e-003	3.541774e+000
3.291908130436016e-003	3.618963e+000
3.295443241268328e-003	3.709491e+000
3.298877026824432e-003	3.851558e+000
3.302548153852855e-003	4.079215e+000
3.305583513180083e-003	4.338477e+000
3.308955779135680e-003	4.695462e+000
3.311918515994202e-003	5.044531e+000
3.313432528868625e-003	5.225701e+000
3.314352628220403e-003	5.327917e+000
3.314871142544293e-003	5.378031e+000
3.315199310131307e-003	5.404544e+000
3.315645493362903e-003	5.433353e+000
3.316321145403200e-003	5.466222e+000
3.316967289564643e-003	5.487947e+000
3.317626513642400e-003	5.502299e+000
3.318221077430210e-003	5.510594e+000
3.319134939885664e-003	5.518785e+000
3.320030005864952e-003	5.524052e+000
3.321276496664027e-003	5.528718e+000
3.322650655133292e-003	5.531847e+000
3.324200571686994e-003	5.533200e+000
3.326202656120623e-003	5.531939e+000
3.328457588313728e-003	5.526020e+000
3.332113006735990e-003	5.505873e+000
3.336995819235990e-003	5.458516e+000
3.341878631735990e-003	5.381709e+000
3.345379682845949e-003	5.292619e+000
3.348812681385510e-003	5.151666e+000
3.352475541305745e-003	4.926460e+000
3.355468939219730e-003	4.672666e+000
3.358825599898992e-003	4.318786e+000
3.362019529349539e-003	3.943596e+000
3.363529905751675e-003	3.764392e+000
3.364504391681294e-003	3.657953e+000
3.364963468518829e-003	3.614951e+000
3.365307458719738e-003	3.588328e+000
3.365749896140147e-003	3.561058e+000
3.366419005960239e-003	3.529844e+000
3.366963212635446e-003	3.511901e+000
3.367548841320546e-003	3.499292e+000
3.368345048483943e-003	3.488136e+000
3.369119137680190e-003	3.481208e+000
3.370170139068383e-003	3.475229e+000
3.371223444865881e-003	3.471349e+000
3.372837457625299e-003	3.467882e+000
3.374437753723937e-003	3.466636e+000
3.376290950002774e-003	3.468059e+000
3.378601188664363e-003	3.474471e+000
3.382344624102592e-003	3.495723e+000
3.387227436602592e-003	3.544334e+000
3.392110249102592e-003	3.622987e+000
3.395545922850451e-003	3.712662e+000
3.399008320594481e-003	3.858220e+000
3.402653219014151e-003	4.087094e+000
3.405700383760195e-003	4.349772e+000
3.409064806058371e-003	4.707435e+000
3.411804908278244e-003	5.031157e+000
3.413308069951839e-003	5.212440e+000
3.414194670122664e-003	5.312268e+000
3.414828318951337e-003	5.374888e+000
3.415147130894186e-003	5.401226e+000
3.415620916519101e-003	5.432262e+000
3.416290194703049e-003	5.465326e+000
3.416931367195272e-003	5.487395e+000
3.417498068874605e-003	5.500260e+000
3.418093031692427e-003	5.509090e+000
3.418931351876845e-003	5.517251e+000
3.419876031574989e-003	5.523273e+000
3.421001000843917e-003	5.527875e+000
3.422388020981757e-003	5.531244e+000
3.424356710527744e-003	5.533113e+000
3.426260791178298e-003	5.531897e+000
3.428552141350609e-003	5.525655e+000
3.432265534377417e-003	5.504782e+000
3.437148346877417e-003	5.456600e+000
3.442031159377417e-003	5.378211e+000
3.445590737242898e-003	5.285201e+000
3.449076789180771e-003	5.137854e+000
3.452732139196850e-003	4.906322e+000
3.455824616335337e-003	4.637630e+000
3.459205399027842e-003	4.276648e+000
3.461729707459581e-003	3.977629e+000
3.463228920784104e-003	3.795951e+000
3.464097992104756e-003	3.697563e+000
3.464838952306942e-003	3.623836e+000
3.465155606980521e-003	3.597690e+000
3.465658642003922e-003	3.564942e+000
3.466249966582190e-003	3.535350e+000
3.466775613302347e-003	3.516587e+000
3.467362241825381e-003	3.502404e+000
3.468034778352234e-003	3.491695e+000
3.468897067713830e-003	3.482898e+000
3.469792022081474e-003	3.477037e+000
3.470891717949607e-003	3.472406e+000
3.472240733606598e-003	3.468953e+000
3.474167056178144e-003	3.466908e+000
3.476190171338541e-003	3.467980e+000
3.478437281265745e-003	3.473832e+000
3.482080238554583e-003	3.493826e+000
3.486963051054583e-003	3.541005e+000
3.491845863554583e-003	3.617767e+000
3.495417042014953e-003	3.708860e+000
3.498871198799420e-003	3.851357e+000
3.502532247076640e-003	4.077728e+000
3.505524402665561e-003	4.332530e+000
3.508876607942757e-003	4.686672e+000
3.511949971658558e-003	5.048282e+000
3.513447532026337e-003	5.227153e+000
3.514379517972612e-003	5.330445e+000
3.514882372087978e-003	5.378847e+000
3.515212157519587e-003	5.405359e+000
3.515653759560838e-003	5.433755e+000
3.516329930355357e-003	5.466494e+000
3.516978504382720e-003	5.488254e+000
3.517613275483956e-003	5.502053e+000
3.518232596464669e-003	5.510712e+000
3.519093930003367e-003	5.518499e+000
3.520022203006605e-003	5.524003e+000
3.521220091014249e-003	5.528556e+000
3.522630099023093e-003	5.531782e+000
3.524255157754677e-003	5.533206e+000
3.526222985121850e-003	5.531930e+000
3.528490653333465e-003	5.525899e+000
3.532166354121047e-003	5.505500e+000
3.537049166621046e-003	5.457856e+000
3.541931979121046e-003	5.380586e+000
3.545428733520263e-003	5.291028e+000
3.548864268260252e-003	5.149071e+000
3.552525273706470e-003	4.922650e+000
3.555533559854429e-003	4.666365e+000
3.558903681395857e-003	4.310158e+000
3.561957709697128e-003	3.950749e+000
3.563464811284752e-003	3.770997e+000
3.564411506593466e-003	3.666505e+000
3.564906461068141e-003	3.619231e+000
3.565239269210002e-003	3.592795e+000
3.565691231177249e-003	3.564148e+000
3.566359131037984e-003	3.532344e+000
3.567004860738347e-003	3.511048e+000
3.567634126567777e-003	3.497575e+000
3.568271667951712e-003	3.488803e+000
3.569136497637424e-003	3.481134e+000
3.570094097476109e-003	3.475593e+000
3.571284647676532e-003	3.471179e+000
3.572704335624937e-003	3.468008e+000
3.574232121549871e-003	3.466707e+000
3.576214406648474e-003	3.468005e+000
3.578476700640583e-003	3.473989e+000
3.582143843867453e-003	3.494280e+000
3.587026656367453e-003	3.541801e+000
3.591909468867453e-003	3.619000e+000
3.595443983460745e-003	3.709526e+000
3.598877992183771e-003	3.851621e+000
3.602549043777821e-003	4.079298e+000
3.605584547577417e-003	4.338594e+000
3.608956710950265e-003	4.695583e+000
3.611917124219525e-003	5.044389e+000
3.613431145311179e-003	5.225576e+000
3.614350846163412e-003	5.327764e+000
3.614870359287008e-003	5.377989e+000
3.615198407131972e-003	5.404500e+000
3.615644846834657e-003	5.433334e+000
3.616320430030031e-003	5.466210e+000
3.616966528235823e-003	5.487939e+000
3.617626286301787e-003	5.502307e+000
3.618220333596856e-003	5.510596e+000
3.619134733037781e-003	5.518793e+000
3.620029308677765e-003	5.524058e+000
3.621276353472370e-003	5.528727e+000
3.622649799247681e-003	5.531855e+000
3.624199726171439e-003	5.533209e+000
3.626202341187413e-003	5.531948e+000
3.628457076066683e-003	5.526031e+000
3.632112180198830e-003	5.505888e+000
3.636994992698830e-003	5.458536e+000
3.641877805198830e-003	5.381735e+000
3.645379034881923e-003	5.292650e+000
3.648812093691346e-003	5.151706e+000
3.652475081848574e-003	4.926509e+000
3.655468216126762e-003	4.672754e+000
3.658824605588559e-003	4.318915e+000
3.662020339638172e-003	3.943522e+000
3.663530763555368e-003	3.764325e+000
3.664505602317662e-003	3.657862e+000
3.664964418660091e-003	3.614895e+000
3.665308579749652e-003	3.588269e+000
3.665750925885769e-003	3.561017e+000
3.666420033468697e-003	3.529819e+000
3.666964073223289e-003	3.511890e+000
3.667549654288382e-003	3.499289e+000
3.668346422017880e-003	3.488131e+000
3.669120366690745e-003	3.481208e+000
3.670171788447941e-003	3.475230e+000
3.671225167335229e-003	3.471352e+000
3.672840205523577e-003	3.467886e+000
3.674438327195921e-003	3.466644e+000
3.676291163376272e-003	3.468067e+000
3.678601535663522e-003	3.474480e+000
3.682345183569763e-003	3.495736e+000
3.687227996069763e-003	3.544350e+000
3.692110808569763e-003	3.623005e+000
3.695545632450108e-003	3.712659e+000
3.699008020030064e-003	3.858215e+000
3.702652907032758e-003	4.087081e+000
3.705699666355315e-003	4.349715e+000
3.709063943032524e-003	4.707355e+000
3.711805150235237e-003	5.031205e+000
3.713308344154438e-003	5.212487e+000
3.714195039815357e-003	5.312323e+000
3.714828257201474e-003	5.374897e+000
3.715147087229952e-003	5.401236e+000
3.715620778846424e-003	5.432266e+000
3.716290104116984e-003	5.465333e+000
3.716931242095283e-003	5.487401e+000
3.717498047844924e-003	5.500269e+000
3.718093043558597e-003	5.509099e+000
3.718931334647430e-003	5.517259e+000
3.719876009586780e-003	5.523281e+000
3.721001004384979e-003	5.527884e+000
3.722388041429055e-003	5.531252e+000
3.724356795457361e-003	5.533122e+000
3.726260822788641e-003	5.531905e+000
3.728552192760028e-003	5.525663e+000
3.732265617287135e-003	5.504789e+000
3.737148429787135e-003	5.456608e+000
3.742031242287135e-003	5.378222e+000
3.745589956507257e-003	5.285241e+000
3.749075889941129e-003	5.137913e+000
3.752731254077887e-003	4.906409e+000
3.755822926039648e-003	4.637815e+000
3.759203476751324e-003	4.276880e+000
3.761730636918580e-003	3.977535e+000
3.763229811846798e-003	3.795871e+000
3.764099088690484e-003	3.697465e+000
3.764838733653584e-003	3.623871e+000
3.765155383021566e-003	3.597724e+000
3.765658214338805e-003	3.564984e+000
3.766250272966929e-003	3.535353e+000
3.766775972346382e-003	3.516587e+000
3.767362404045493e-003	3.502410e+000
3.768035453933874e-003	3.491695e+000
3.768897909731438e-003	3.482898e+000
3.769792789282796e-003	3.477040e+000
3.770892525498888e-003	3.472411e+000
3.772241818015192e-003	3.468958e+000
3.774168620383959e-003	3.466914e+000
3.776190754067994e-003	3.467988e+000
3.778438229111133e-003	3.473843e+000
3.782081768109694e-003	3.493845e+000
3.786964580609694e-003	3.541031e+000
3.791847393109694e-003	3.617804e+000
3.795417525870661e-003	3.708882e+000
3.798871827316724e-003	3.851399e+000
3.802532768836292e-003	4.077777e+000
3.805524768898581e-003	4.332578e+000
3.808876852039067e-003	4.686713e+000
3.811949190240715e-003	5.048207e+000
3.813446751845199e-003	5.227087e+000
3.814378541103793e-003	5.330366e+000
3.814881897104092e-003	5.378824e+000
3.815211617742631e-003	5.405336e+000
3.815653349371537e-003	5.433746e+000
3.816329485875219e-003	5.466488e+000
3.816978024864862e-003	5.488251e+000
3.817613032549671e-003	5.502058e+000
3.818232076432908e-003	5.510714e+000
3.819093591920849e-003	5.518504e+000
3.820021620612786e-003	5.524008e+000
3.821219691586783e-003	5.528563e+000
3.822629290123943e-003	5.531788e+000
3.824254767847245e-003	5.533212e+000
3.826222839932105e-003	5.531937e+000
3.828490417187479e-003	5.525907e+000
3.832165973154287e-003	5.505510e+000
3.837048785654287e-003	5.457868e+000
3.841931598154287e-003	5.380602e+000
3.845428389549733e-003	5.291047e+000
3.848864009817339e-003	5.149092e+000
3.852525102384654e-003	4.922677e+000
3.855533050718785e-003	4.666430e+000
3.858902984654281e-003	4.310250e+000
3.861958193904103e-003	3.950709e+000
3.863465328617066e-003	3.770959e+000
3.864412198103441e-003	3.666455e+000
3.864906840616027e-003	3.619215e+000
3.865239700018657e-003	3.592779e+000
3.865691583321461e-003	3.564141e+000
3.866359509339294e-003	3.532341e+000
3.867005267841915e-003	3.511046e+000
3.867634336853579e-003	3.497579e+000
3.868272132848967e-003	3.488806e+000
3.869136755990888e-003	3.481139e+000
3.870094596338323e-003	3.475598e+000
3.871284963522175e-003	3.471185e+000
3.872705036987090e-003	3.468013e+000
3.874232518596819e-003	3.466713e+000
3.876214554513621e-003	3.468011e+000
3.878476941141779e-003	3.473996e+000
3.882144231888608e-003	3.494290e+000
3.887027044388608e-003	3.541812e+000
3.891909856888608e-003	3.619015e+000
3.895444090256460e-003	3.709538e+000
3.898878247461198e-003	3.851643e+000
3.902549303831187e-003	4.079327e+000
3.905584613541790e-003	4.338612e+000
3.908956651594160e-003	4.695589e+000
3.911916693780589e-003	5.044353e+000
3.913430739540749e-003	5.225547e+000
3.914350340129371e-003	5.327729e+000
3.914870105815390e-003	5.377981e+000
3.915198122545377e-003	5.404492e+000
3.915644625503849e-003	5.433332e+000
3.916320192579469e-003	5.466211e+000
3.916966277699559e-003	5.487941e+000
3.917626138624304e-003	5.502312e+000
3.918220077197766e-003	5.510601e+000
3.919134546362139e-003	5.518798e+000
3.920029031897973e-003	5.524063e+000
3.921276151302178e-003	5.528733e+000
3.922649442382225e-003	5.531860e+000
3.924199555443554e-003	5.533215e+000
3.926202277595412e-003	5.531954e+000
3.928456972632605e-003	5.526037e+000
3.932112013302313e-003	5.505895e+000
3.936994825802313e-003	5.458544e+000
3.941877638302313e-003	5.381746e+000
3.945378821977982e-003	5.292665e+000
3.948811986116277e-003	5.151720e+000
3.952475040932155e-003	4.926524e+000
3.955467968391781e-003	4.672791e+000
3.958824145474950e-003	4.318979e+000
3.962020546064001e-003	3.943513e+000
3.963531004541378e-003	3.764315e+000
3.964505920688702e-003	3.657846e+000
3.964964677789317e-003	3.614887e+000
3.965308874494307e-003	3.588261e+000
3.965751200519397e-003	3.561013e+000
3.966420310348423e-003	3.529817e+000
3.966964289515345e-003	3.511892e+000
3.967549840772568e-003	3.499293e+000
3.968346814349697e-003	3.488133e+000
3.969120632271760e-003	3.481212e+000
3.970172234807919e-003	3.475234e+000
3.971225543915300e-003	3.471357e+000
3.972840931571902e-003	3.467891e+000
3.974438600823348e-003	3.466650e+000
3.976291265185514e-003	3.468073e+000
3.978601701230994e-003	3.474487e+000
3.982345450514025e-003	3.495744e+000
3.987228263014025e-003	3.544360e+000
3.992111075514025e-003	3.623015e+000
3.995545179864419e-003	3.712648e+000
3.999007549620876e-003	3.858199e+000
4.002652440307205e-003	4.087052e+000
4.005698681457360e-003	4.349627e+000
4.009062794985077e-003	4.707240e+000
4.011805622342959e-003	5.031274e+000
4.013308835846377e-003	5.212552e+000
4.014195679594031e-003	5.312400e+000
4.014828242383290e-003	5.374906e+000
4.015147101325837e-003	5.401245e+000
4.015620652108950e-003	5.432266e+000
4.016290047179356e-003	5.465337e+000
4.016931136563058e-003	5.487404e+000
4.017498101693827e-003	5.500276e+000
4.018093148974867e-003	5.509106e+000
4.018931397424963e-003	5.517266e+000
4.019876067822849e-003	5.523287e+000
4.021001103811517e-003	5.527890e+000
4.022388173192538e-003	5.531258e+000
4.024357032509983e-003	5.533127e+000
4.026260911018279e-003	5.531911e+000
4.028552336252109e-003	5.525668e+000
4.032265848701576e-003	5.504793e+000
4.037148661201576e-003	5.456610e+000
4.042031473701576e-003	5.378226e+000
4.045589241901583e-003	5.285275e+000
4.049075059664105e-003	5.137965e+000
4.052730427298055e-003	4.906487e+000
4.055821341382684e-003	4.637982e+000
4.059201668019203e-003	4.277095e+000
4.061722915384630e-003	3.978440e+000
4.063222204585618e-003	3.796696e+000
4.064090241537521e-003	3.698393e+000
4.064841491702643e-003	3.623620e+000
4.065158080546690e-003	3.597492e+000
4.065662774890268e-003	3.564677e+000
4.066248783595257e-003	3.535379e+000
4.066773975937589e-003	3.516645e+000
4.067362034572453e-003	3.502417e+000
4.068031152420230e-003	3.491749e+000
4.068892281281767e-003	3.482950e+000
4.069787772273368e-003	3.477073e+000
4.070887267276244e-003	3.472434e+000
4.072234660586307e-003	3.468976e+000
4.074157734399766e-003	3.466925e+000
4.076186698496818e-003	3.467990e+000
4.078431632453778e-003	3.473823e+000
4.082071122807795e-003	3.493775e+000
4.086953935307795e-003	3.540905e+000
4.091836747807795e-003	3.617587e+000
4.095408316260360e-003	3.708585e+000
4.098861242008217e-003	3.850868e+000
4.102523110765342e-003	4.077054e+000
4.105513554752197e-003	4.331500e+000
4.108864211425074e-003	4.685329e+000
4.111960991299171e-003	5.049590e+000
4.113459048066536e-003	5.228373e+000
4.114394575149756e-003	5.331900e+000
4.114888987415459e-003	5.379364e+000
4.115219865876876e-003	5.405883e+000
4.115659242490287e-003	5.434056e+000
4.116335998123348e-003	5.466714e+000
4.116985205409650e-003	5.488433e+000
4.117615255421937e-003	5.502089e+000
4.118239922215691e-003	5.510798e+000
4.119097009617027e-003	5.518532e+000
4.120030244027464e-003	5.524052e+000
4.121223914459205e-003	5.528580e+000
4.122641719315785e-003	5.531813e+000
4.124262348590813e-003	5.533223e+000
4.126225662721753e-003	5.531940e+000
4.128495008343536e-003	5.525894e+000
4.132173379833476e-003	5.505462e+000
4.137056192333476e-003	5.457780e+000
4.141939004833476e-003	5.380458e+000
4.145432997422836e-003	5.290909e+000
4.148869318878174e-003	5.148832e+000
4.152529786154320e-003	4.922327e+000
4.155539204063535e-003	4.665843e+000
4.158908986573504e-003	4.309605e+000
4.161951617430759e-003	3.951488e+000
4.163458761112813e-003	3.771647e+000
4.164403001538999e-003	3.667334e+000
4.164902502339204e-003	3.619550e+000
4.165234603117732e-003	3.593121e+000
4.165687728610200e-003	3.564347e+000
4.166355297667902e-003	3.532490e+000
4.167000613963414e-003	3.511165e+000
4.167632149943453e-003	3.497614e+000
4.168266815254593e-003	3.488864e+000
4.169132986066560e-003	3.481170e+000
4.170088217488739e-003	3.475631e+000
4.171280030336066e-003	3.471204e+000
4.172695346002054e-003	3.468034e+000
4.174228851231049e-003	3.466723e+000
4.176213188730258e-003	3.468015e+000
4.178474719706167e-003	3.473992e+000
4.182140647837664e-003	3.494269e+000
4.187023460337664e-003	3.541773e+000
4.191906272837664e-003	3.618947e+000
4.195441473904216e-003	3.709460e+000
4.198875475986978e-003	3.851512e+000
4.202546857172232e-003	4.079143e+000
4.205580542804942e-003	4.338222e+000
4.208952353715192e-003	4.695127e+000
4.211920138182568e-003	5.044769e+000
4.213434298190850e-003	5.225931e+000
4.214355036977796e-003	5.328192e+000
4.214871951634842e-003	5.378130e+000
4.215200304762951e-003	5.404644e+000
4.215646065132218e-003	5.433414e+000
4.216321831607721e-003	5.466272e+000
4.216968043673632e-003	5.487991e+000
4.217626210658227e-003	5.502315e+000
4.218221737124622e-003	5.510622e+000
4.219134344240931e-003	5.518801e+000
4.220030399175006e-003	5.524073e+000
4.221275607680267e-003	5.528736e+000
4.222651062605806e-003	5.531867e+000
4.224202138919530e-003	5.533220e+000
4.226203239871450e-003	5.531958e+000
4.228458537798832e-003	5.526036e+000
4.232114538773517e-003	5.505882e+000
4.236997351273517e-003	5.458518e+000
4.241880163773516e-003	5.381701e+000
4.245380395157347e-003	5.292621e+000
4.248813850725841e-003	5.151632e+000
4.252476727985293e-003	4.926406e+000
4.255469650532324e-003	4.672641e+000
4.258825828563287e-003	4.318806e+000
4.262018493562616e-003	3.943761e+000
4.263528952625470e-003	3.764532e+000
4.264502880717325e-003	3.658130e+000
4.264962356745923e-003	3.615072e+000
4.265306067437977e-003	3.588455e+000
4.265748653327392e-003	3.561156e+000
4.266417784366203e-003	3.529915e+000
4.266962123338552e-003	3.511952e+000
4.267547719990552e-003	3.499332e+000
4.268343513642758e-003	3.488172e+000
4.269117297436564e-003	3.481240e+000
4.270168136777008e-003	3.475257e+000
4.271220846032899e-003	3.471375e+000
4.272833948209300e-003	3.467907e+000
4.274437725358816e-003	3.466656e+000
4.276290939448864e-003	3.468078e+000
4.278601171501039e-003	3.474489e+000
4.282344596430115e-003	3.495742e+000
4.287227408930115e-003	3.544353e+000
4.292110221430115e-003	3.623000e+000
4.295544050268734e-003	3.712615e+000
4.299006365533769e-003	3.858144e+000
4.302651308857215e-003	4.086968e+000
4.305696609771001e-003	4.349430e+000
4.309060497082888e-003	4.706994e+000
4.311806876743258e-003	5.031434e+000
4.313310065388746e-003	5.212694e+000
4.314197254344309e-003	5.312570e+000
4.314828319403104e-003	5.374917e+000
4.315147246722165e-003	5.401258e+000
4.315620477080439e-003	5.432259e+000
4.316290026095973e-003	5.465338e+000
4.316931014111234e-003	5.487404e+000
4.317498348478876e-003	5.500283e+000
4.318093516359872e-003	5.509115e+000
4.318931668999386e-003	5.517272e+000
4.319876333700060e-003	5.523293e+000
4.321001468662514e-003	5.527895e+000
4.322388626449810e-003	5.531262e+000
4.324357741733995e-003	5.533132e+000
4.326261174986891e-003	5.531915e+000
4.328552765556742e-003	5.525671e+000
4.332266541054329e-003	5.504792e+000
4.337149353554328e-003	5.456606e+000
4.342032166054328e-003	5.378221e+000
4.345588644096088e-003	5.285306e+000
4.349074320907620e-003	5.138011e+000
4.352729659572698e-003	4.906559e+000
4.355819866525407e-003	4.638140e+000
4.359199971002151e-003	4.277295e+000
4.361723705044190e-003	3.978356e+000
4.363222995243002e-003	3.796620e+000
4.364091212655104e-003	3.698300e+000
4.364841229577865e-003	3.623653e+000
4.365157809455365e-003	3.597524e+000
4.365662321521038e-003	3.564715e+000
4.366248930677889e-003	3.535383e+000
4.366774164568819e-003	3.516645e+000
4.367362050383437e-003	3.502422e+000
4.368031576286049e-003	3.491749e+000
4.368892779074257e-003	3.482950e+000
4.369788146456853e-003	3.477075e+000
4.370887650982531e-003	3.472437e+000
4.372235182938221e-003	3.468979e+000
4.374158502000691e-003	3.466928e+000
4.376186984474458e-003	3.467994e+000
4.378432097617093e-003	3.473829e+000
4.382071873473346e-003	3.493784e+000
4.386954685973346e-003	3.540918e+000
4.391837498473346e-003	3.617604e+000
4.395408165984245e-003	3.708582e+000
4.398861134134812e-003	3.850868e+000
4.402522956499065e-003	4.077046e+000
4.405513137976515e-003	4.331465e+000
4.408863575843072e-003	4.685267e+000
4.411961122933938e-003	5.049614e+000
4.413459214599990e-003	5.228398e+000
4.414394820446252e-003	5.331932e+000
4.414889072359464e-003	5.379378e+000
4.415219971528310e-003	5.405897e+000
4.415659304308742e-003	5.434065e+000
4.416336071515033e-003	5.466722e+000
4.416985292012997e-003	5.488440e+000
4.417615216550998e-003	5.502092e+000
4.418240016980668e-003	5.510803e+000
4.419096959871292e-003	5.518535e+000
4.420030331285297e-003	5.524055e+000
4.421223861105352e-003	5.528584e+000
4.422641854587368e-003	5.531816e+000
4.424262529937165e-003	5.533227e+000
4.426225730247163e-003	5.531944e+000
4.428495118170657e-003	5.525898e+000
4.432173557009780e-003	5.505465e+000
4.437056369509780e-003	5.457782e+000
4.441939182009779e-003	5.380459e+000
4.445432998704699e-003	5.290914e+000
4.448869453146987e-003	5.148830e+000
4.452529955052431e-003	4.922323e+000
4.455539055128102e-003	4.665868e+000
4.458908695657899e-003	4.309646e+000
4.461951634116759e-003	3.951495e+000
4.463458815181075e-003	3.771651e+000
4.464403056004628e-003	3.667337e+000
4.464902555901059e-003	3.619554e+000
4.465234658547538e-003	3.593124e+000
4.465687784715235e-003	3.564350e+000
4.466355356625044e-003	3.532494e+000
4.467000671152099e-003	3.511168e+000
4.467632172345506e-003	3.497618e+000
4.468266881877489e-003	3.488867e+000
4.469132953221515e-003	3.481174e+000
4.470088247561406e-003	3.475635e+000
4.471279975538888e-003	3.471208e+000
4.472695355079243e-003	3.468038e+000
4.474228982873766e-003	3.466726e+000
4.476213237756473e-003	3.468019e+000
4.478474799447007e-003	3.473996e+000
4.482140776491790e-003	3.494273e+000
4.487023588991790e-003	3.541778e+000
4.491906401491790e-003	3.618953e+000
4.495441419670084e-003	3.709463e+000
4.498875544372110e-003	3.851521e+000
4.502546952602288e-003	4.079155e+000
4.505580358224098e-003	4.338209e+000
4.508952041916148e-003	4.695099e+000
4.511920015213605e-003	5.044763e+000
4.513434204891316e-003	5.225928e+000
4.514354931230611e-003	5.328189e+000
4.514871879485883e-003	5.378131e+000
4.515200227278583e-003	5.404645e+000
4.515645993918323e-003	5.433415e+000
4.516321760121521e-003	5.466274e+000
4.516967968860672e-003	5.487994e+000
4.517626112084076e-003	5.502317e+000
4.518221650034409e-003	5.510624e+000
4.519134189595846e-003	5.518803e+000
4.520030272816416e-003	5.524076e+000
4.521275414585969e-003	5.528738e+000
4.522650879528975e-003	5.531870e+000
4.524202177743548e-003	5.533224e+000
4.526203254332263e-003	5.531962e+000
4.528458561319688e-003	5.526039e+000
4.532114576725393e-003	5.505885e+000
4.536997389225392e-003	5.458521e+000
4.541880201725392e-003	5.381704e+000
4.545380306535431e-003	5.292628e+000
4.548813884784698e-003	5.151635e+000
4.552476808106402e-003	4.926407e+000
4.555469539347782e-003	4.672660e+000
4.558825520717215e-003	4.318849e+000
4.562018468488941e-003	3.943772e+000
4.563528957923876e-003	3.764539e+000
4.564502867665961e-003	3.658139e+000
4.564962353254816e-003	3.615079e+000
4.565306053092035e-003	3.588462e+000
4.565748643575385e-003	3.561162e+000
4.566417777989585e-003	3.529920e+000
4.566962093703922e-003	3.511957e+000
4.567547667189460e-003	3.499337e+000
4.568343540065774e-003	3.488175e+000
4.569117205595148e-003	3.481244e+000
4.570168139062881e-003	3.475260e+000
4.571220731567532e-003	3.471379e+000
4.572833942967501e-003	3.467911e+000
4.574437880821694e-003	3.466660e+000
4.576290997292470e-003	3.468081e+000
4.578601265569357e-003	3.474493e+000
4.582344748096700e-003	3.495747e+000
4.587227560596700e-003	3.544358e+000
4.592110373096700e-003	3.623004e+000
4.595543553966190e-003	3.712600e+000
4.599005845067432e-003	3.858122e+000
4.602650798497750e-003	4.086931e+000
4.605695552427296e-003	4.349330e+000
4.609059275879508e-003	4.706865e+000
4.611807462442647e-003	5.031511e+000
4.613310666596565e-003	5.212766e+000
4.614198025937761e-003	5.312655e+000
4.614828351136612e-003	5.374923e+000
4.615147312286421e-003	5.401266e+000
4.615620382517111e-003	5.432256e+000
4.616290009842226e-003	5.465340e+000
4.616930945404627e-003	5.487405e+000
4.617498464014015e-003	5.500288e+000
4.618093691629582e-003	5.509120e+000
4.618931798990355e-003	5.517276e+000
4.619876460224347e-003	5.523296e+000
4.621001647154293e-003	5.527899e+000
4.622388848812231e-003	5.531266e+000
4.624358098188672e-003	5.533134e+000
4.626261307656725e-003	5.531918e+000
4.628552981323884e-003	5.525673e+000
4.632266889028010e-003	5.504793e+000
4.637149701528010e-003	5.456605e+000
4.642032514028010e-003	5.378220e+000
4.645587980625534e-003	5.285336e+000
4.649073550728355e-003	5.138057e+000
4.652728884878811e-003	4.906629e+000
4.655818367383559e-003	4.638298e+000
4.659198251722831e-003	4.277495e+000
4.661724465522528e-003	3.978272e+000
4.663223736662528e-003	3.796547e+000
4.664092130096596e-003	3.698211e+000
4.664840962968742e-003	3.623683e+000
4.665157533847377e-003	3.597553e+000
4.665661869304115e-003	3.564751e+000
4.666249072445443e-003	3.535385e+000
4.666774339534238e-003	3.516644e+000
4.667362050612700e-003	3.502426e+000
4.668031997569237e-003	3.491747e+000
4.668893316922732e-003	3.482949e+000
4.669788586116783e-003	3.477076e+000
4.670888105617502e-003	3.472438e+000
4.672235798272656e-003	3.468981e+000
4.674159417856258e-003	3.466931e+000
4.676187325684284e-003	3.467997e+000
4.678432652619242e-003	3.473834e+000
4.682072769115519e-003	3.493793e+000
4.686955581615519e-003	3.540932e+000
4.691838394115519e-003	3.617624e+000
4.695408164940477e-003	3.708583e+000
4.698861194808125e-003	3.850874e+000
4.702522962734398e-003	4.077050e+000
4.705512912286761e-003	4.331447e+000
4.708863158093685e-003	4.685226e+000
4.711961084442201e-003	5.049616e+000
4.713459203032015e-003	5.228403e+000
4.714394828605167e-003	5.331938e+000
4.714889057450137e-003	5.379382e+000
4.715219958884568e-003	5.405901e+000
4.715659283708700e-003	5.434069e+000
4.716336053877773e-003	5.466725e+000
4.716985275449708e-003	5.488443e+000
4.717615151232002e-003	5.502094e+000
4.718239996783061e-003	5.510806e+000
4.719096860954433e-003	5.518538e+000
4.720030288973186e-003	5.524058e+000
4.721223742295487e-003	5.528586e+000
4.722641795038841e-003	5.531819e+000
4.724262601260348e-003	5.533230e+000
4.726225756804764e-003	5.531947e+000
4.728495161365427e-003	5.525900e+000
4.732173626692811e-003	5.505467e+000
4.737056439192811e-003	5.457784e+000
4.741939251692810e-003	5.380462e+000
4.745432928003544e-003	5.290919e+000
4.748869507041497e-003	5.148830e+000
4.752530052086456e-003	4.922322e+000
4.755538809640025e-003	4.665899e+000
4.758908309799215e-003	4.309695e+000
4.761951727887768e-003	3.951491e+000
4.763458946754080e-003	3.771644e+000
4.764403222850673e-003	3.667328e+000
4.764902655655431e-003	3.619552e+000
4.765234770095782e-003	3.593122e+000
4.765687879733974e-003	3.564350e+000
4.766355459221359e-003	3.532494e+000
4.767000777602793e-003	3.511169e+000
4.767632209660922e-003	3.497621e+000
4.768267005573416e-003	3.488869e+000
4.769132954370471e-003	3.481177e+000
4.770088347176745e-003	3.475637e+000
4.771279968265839e-003	3.471210e+000
4.772695474857727e-003	3.468040e+000
4.774229161024568e-003	3.466729e+000
4.776213304103118e-003	3.468021e+000
4.778474907359409e-003	3.473999e+000
4.782140950597916e-003	3.494277e+000
4.787023763097916e-003	3.541783e+000
4.791906575597916e-003	3.618959e+000
4.795441400257363e-003	3.709465e+000
4.798875650162703e-003	3.851531e+000
4.802547082486505e-003	4.079168e+000
4.805580222480255e-003	4.338200e+000
4.808951780073113e-003	4.695076e+000
4.811919868403763e-003	5.044753e+000
4.813434087256564e-003	5.225922e+000
4.814354790276892e-003	5.328181e+000
4.814871799900112e-003	5.378130e+000
4.815200139237537e-003	5.404644e+000
4.815645919530555e-003	5.433416e+000
4.816321683688499e-003	5.466275e+000
4.816967887891827e-003	5.487995e+000
4.817626024166917e-003	5.502319e+000
4.818221558204042e-003	5.510626e+000
4.819134048762429e-003	5.518805e+000
4.820030145110086e-003	5.524078e+000
4.821275239330161e-003	5.528741e+000
4.822650693525784e-003	5.531872e+000
4.824202195271721e-003	5.533226e+000
4.826203260860995e-003	5.531964e+000
4.828458571938824e-003	5.526042e+000
4.832114593859809e-003	5.505888e+000
4.836997406359809e-003	5.458523e+000
4.841880218859809e-003	5.381707e+000
4.845380201509182e-003	5.292634e+000
4.848813901029200e-003	5.151637e+000
4.852476871308925e-003	4.926408e+000
4.855469411407042e-003	4.672679e+000
4.858825196022721e-003	4.318892e+000
4.862018442252444e-003	3.943782e+000
4.863528961822070e-003	3.764546e+000
4.864502857006292e-003	3.658146e+000
4.864962349151631e-003	3.615085e+000
4.865306039923122e-003	3.588468e+000
4.865748633697957e-003	3.561167e+000
4.866417771251091e-003	3.529924e+000
4.866962061759217e-003	3.511961e+000
4.867547611559572e-003	3.499341e+000
4.868343568615232e-003	3.488178e+000
4.869117115083708e-003	3.481247e+000
4.870168146061192e-003	3.475262e+000
4.871220623200557e-003	3.471381e+000
4.872833953042213e-003	3.467913e+000
4.874438036630269e-003	3.466662e+000
4.876291055264667e-003	3.468083e+000
4.878601359846786e-003	3.474496e+000
4.882344900100356e-003	3.495750e+000
4.887227712600356e-003	3.544363e+000
4.892110525100355e-003	3.623008e+000
4.895543059200632e-003	3.712584e+000
4.899005324684779e-003	3.858098e+000
4.902650288707616e-003	4.086893e+000
4.905694493432268e-003	4.349229e+000
4.909058052987757e-003	4.706734e+000
4.911808067897008e-003	5.031590e+000
4.913311287911381e-003	5.212838e+000
4.914198820772560e-003	5.312741e+000
4.914828395857118e-003	5.374929e+000
4.915147391777877e-003	5.401274e+000
4.915620299493644e-003	5.432253e+000
4.916290006128495e-003	5.465342e+000
4.916930888998215e-003	5.487405e+000
4.917498594900182e-003	5.500292e+000
4.918093883303353e-003	5.509125e+000
4.918931945775230e-003	5.517280e+000
4.919876603896653e-003	5.523299e+000
4.921001845011995e-003	5.527902e+000
4.922389092924275e-003	5.531269e+000
4.924358482517632e-003	5.533137e+000
4.926261450700937e-003	5.531920e+000
4.928553213963298e-003	5.525674e+000
4.932267264211619e-003	5.504792e+000
4.937150076711618e-003	5.456602e+000
4.942032889211618e-003	5.378218e+000
4.945587336321011e-003	5.285365e+000
4.949072803478439e-003	5.138101e+000
4.952728131087215e-003	4.906696e+000
4.955816904209884e-003	4.638451e+000
4.959196571381320e-003	4.277690e+000
4.961725197300452e-003	3.978190e+000
4.963224452310938e-003	3.796475e+000
4.964093017079786e-003	3.698123e+000
4.964840699792304e-003	3.623712e+000
4.965157262468824e-003	3.597581e+000
4.965661425415586e-003	3.564785e+000
4.966249212053068e-003	3.535387e+000
4.966774512789470e-003	3.516643e+000
4.967362053826153e-003	3.502430e+000
4.968032413873181e-003	3.491745e+000
4.968893848586127e-003	3.482947e+000
4.969789024689480e-003	3.477076e+000
4.970888560726755e-003	3.472439e+000
4.972236418004119e-003	3.468982e+000
4.974160341717553e-003	3.466933e+000
4.976187669874942e-003	3.467999e+000
4.978433212469578e-003	3.473838e+000
4.982073672578880e-003	3.493802e+000
4.986956485078880e-003	3.540946e+000
4.991839297578880e-003	3.617642e+000
4.995408175366953e-003	3.708584e+000
4.998861267976342e-003	3.836351e+000
5.000000000000000e-003	3.890140e+000
